1.0
1.0
0.6666666666666666
0.6666666666666666
0.6666666666666666
0.6666666666666666
1.0
0.6666666666666666
0.6666666666666666
0.6666666666666666
0.6666666666666666
0.6666666666666666
0.6666666666666666
0.6666666666666666
0.6666666666666666
0.42857142857142855
0.6666666666666666
0.42857142857142855
0.6666666666666666
1.0
0.6666666666666666
0.6666666666666666
0.6666666666666666
0.6666666666666666
1.0
0.6666666666666666
0.6666666666666666
0.6666666666666666
0.6666666666666666
0.6666666666666666
0.6666666666666666
0.6666666666666666
0.6666666666666666
0.42857142857142855
0.6666666666666666
0.42857142857142855
0.6666666666666666
0.6666666666666666
0.6666666666666666
0.6666666666666666
0.6666666666666666
1.0
0.6666666666666666
0.6666666666666666
0.6666666666666666
0.6666666666666666
0.6666666666666666
0.6666666666666666
0.6666666666666666
0.6666666666666666
0.42857142857142855
0.6666666666666666
0.42857142857142855
0.6666666666666666
0.6666666666666666
0.6666666666666666
1.0
0.6666666666666666
0.42857142857142855
0.6666666666666666
0.42857142857142855
0.42857142857142855
1.0
1.0
0.6666666666666666
0.42857142857142855
0.42857142857142855
0.6666666666666666
0.42857142857142855
1.0
0.42857142857142855
0.6666666666666666
0.6666666666666666
0.6666666666666666
0.42857142857142855
0.6666666666666666
0.6666666666666666
0.6666666666666666
0.6666666666666666
0.42857142857142855
0.6666666666666666
0.42857142857142855
0.42857142857142855
0.42857142857142855
0.6666666666666666
0.6666666666666666
0.6666666666666666
0.42857142857142855
0.6666666666666666
0.42857142857142855
0.42857142857142855
0.6666666666666666
0.6666666666666666
1.0
0.42857142857142855
0.42857142857142855
0.6666666666666666
0.6666666666666666
0.6666666666666666
0.6666666666666666
0.42857142857142855
0.6666666666666666
0.42857142857142855
0.42857142857142855
1.0
1.0
0.6666666666666666
0.42857142857142855
0.42857142857142855
0.6666666666666666
0.42857142857142855
1.0
0.6666666666666666
0.6666666666666666
0.6666666666666666
0.6666666666666666
0.6666666666666666
0.6666666666666666
0.6666666666666666
0.6666666666666666
0.42857142857142855
0.6666666666666666
0.42857142857142855
0.6666666666666666
0.6666666666666666
1.0
1.0
0.42857142857142855
0.42857142857142855
0.42857142857142855
1.0
0.42857142857142855
0.42857142857142855
0.6666666666666666
0.42857142857142855
0.6666666666666666
0.6666666666666666
0.6666666666666666
0.6666666666666666
0.6666666666666666
0.6666666666666666
0.42857142857142855
0.6666666666666666
0.6666666666666666
0.6666666666666666
1.0
0.42857142857142855
0.42857142857142855
0.42857142857142855
1.0
0.42857142857142855
0.42857142857142855
0.6666666666666666
0.42857142857142855
0.42857142857142855
0.42857142857142855
0.42857142857142855
1.0
0.42857142857142855
0.42857142857142855
0.6666666666666666
0.42857142857142855
1.0
0.6666666666666666
0.42857142857142855
0.42857142857142855
0.6666666666666666
0.42857142857142855
1.0
0.6666666666666666
0.42857142857142855
0.42857142857142855
0.6666666666666666
0.42857142857142855
1.0
0.42857142857142855
0.42857142857142855
0.6666666666666666
0.6666666666666666
0.6666666666666666
0.42857142857142855
0.42857142857142855
0.6666666666666666
0.42857142857142855
0.42857142857142855
0.42857142857142855
0.42857142857142855
0.42857142857142855
0.6666666666666666
0.42857142857142855
