0.25
0.25
0.42857142857142855
0.1111111111111111
0.25
0.42857142857142855
0.25
0.25
0.42857142857142855
0.25
0.42857142857142855
0.25
0.25
0.25
0.25
0.25
0.25
0.25
0.42857142857142855
0.1111111111111111
0.42857142857142855
0.1111111111111111
0.25
0.42857142857142855
0.1111111111111111
0.42857142857142855
0.25
0.1111111111111111
0.25
0.25
0.25
0.25
0.1111111111111111
0.6666666666666666
0.25
0.25
0.42857142857142855
0.25
0.1111111111111111
0.1111111111111111
0.25
0.1111111111111111
0.1111111111111111
0.25
0.1111111111111111
0.42857142857142855
0.25
0.25
0.1111111111111111
0.1111111111111111
0.1111111111111111
0.25
0.1111111111111111
0.25
0.1111111111111111
0.25
0.6666666666666666
0.25
0.25
0.42857142857142855
0.25
0.42857142857142855
0.42857142857142855
0.42857142857142855
0.42857142857142855
0.25
0.42857142857142855
0.42857142857142855
0.42857142857142855
0.6666666666666666
0.1111111111111111
0.1111111111111111
0.1111111111111111
0.25
0.1111111111111111
0.0
0.1111111111111111
0.1111111111111111
0.1111111111111111
0.1111111111111111
0.0
0.25
0.1111111111111111
0.0
0.1111111111111111
0.42857142857142855
0.1111111111111111
0.25
0.42857142857142855
0.25
0.42857142857142855
0.1111111111111111
0.25
0.25
0.25
0.25
0.1111111111111111
0.25
0.25
0.25
0.25
0.42857142857142855
0.42857142857142855
0.42857142857142855
0.42857142857142855
0.42857142857142855
0.25
0.42857142857142855
0.42857142857142855
0.42857142857142855
0.6666666666666666
0.6666666666666666
0.25
0.42857142857142855
0.42857142857142855
0.25
0.1111111111111111
0.1111111111111111
0.1111111111111111
0.25
0.1111111111111111
0.25
0.25
0.25
0.25
0.1111111111111111
0.25
0.1111111111111111
0.1111111111111111
0.25
0.1111111111111111
0.42857142857142855
0.1111111111111111
0.1111111111111111
0.25
0.25
0.6666666666666666
0.25
0.42857142857142855
0.25
0.25
0.25
0.42857142857142855
0.25
0.42857142857142855
0.25
0.1111111111111111
0.1111111111111111
0.1111111111111111
0.42857142857142855
0.1111111111111111
0.1111111111111111
0.42857142857142855
0.25
0.25
0.42857142857142855
0.25
0.25
0.25
0.25
0.25
0.42857142857142855
0.42857142857142855
0.1111111111111111
0.1111111111111111
0.25
0.6666666666666666
0.25
0.42857142857142855
0.1111111111111111
0.1111111111111111
0.25
0.42857142857142855
0.25
0.42857142857142855
0.1111111111111111
0.25
0.1111111111111111
0.1111111111111111
0.25
0.1111111111111111
0.1111111111111111
0.42857142857142855
0.25
0.25
0.25
0.42857142857142855
0.25
0.42857142857142855
0.42857142857142855
