coverage.against.year	num.seqs.against.year	design.up.to.year	num.seqs.up.to.year	coverage
upto2013	135	2005	128	0.996667
upto2013	135	2005	128	0.995556
upto2013	135	2005	128	0.996296
upto2013	135	2005	128	0.996667
upto2013	135	2005	128	0.994815
upto2013	135	2005	128	0.996667
upto2013	135	2005	128	0.997407
upto2013	135	2005	128	0.994074
upto2013	135	2005	128	0.996667
upto2013	135	2005	128	0.996667
upto2013	135	2006	128	0.994815
upto2013	135	2006	128	0.997407
upto2013	135	2006	128	0.997778
upto2013	135	2006	128	0.995556
upto2013	135	2006	128	0.998519
upto2013	135	2006	128	0.996667
upto2013	135	2006	128	0.996667
upto2013	135	2006	128	0.994074
upto2013	135	2006	128	0.998519
upto2013	135	2006	128	0.995556
upto2013	135	2007	129	1
upto2013	135	2007	129	0.998519
upto2013	135	2007	129	0.995556
upto2013	135	2007	129	0.998519
upto2013	135	2007	129	0.998519
upto2013	135	2007	129	1
upto2013	135	2007	129	0.996667
upto2013	135	2007	129	1
upto2013	135	2007	129	0.997407
upto2013	135	2007	129	0.994815
upto2013	135	2008	130	1
upto2013	135	2008	130	1
upto2013	135	2008	130	1
upto2013	135	2008	130	1
upto2013	135	2008	130	0.998519
upto2013	135	2008	130	0.998519
upto2013	135	2008	130	0.996667
upto2013	135	2008	130	0.995556
upto2013	135	2008	130	0.998889
upto2013	135	2008	130	0.994815
upto2013	135	2009	130	1
upto2013	135	2009	130	0.99963
upto2013	135	2009	130	0.996667
upto2013	135	2009	130	0.998519
upto2013	135	2009	130	1
upto2013	135	2009	130	1
upto2013	135	2009	130	0.998519
upto2013	135	2009	130	0.996667
upto2013	135	2009	130	0.998519
upto2013	135	2009	130	1
upto2013	135	2010	130	0.998519
upto2013	135	2010	130	0.998519
upto2013	135	2010	130	0.996667
upto2013	135	2010	130	0.996667
upto2013	135	2010	130	1
upto2013	135	2010	130	1
upto2013	135	2010	130	1
upto2013	135	2010	130	1
upto2013	135	2010	130	0.998519
upto2013	135	2011	131	0.998519
upto2013	135	2011	131	0.997407
upto2013	135	2011	131	0.995556
upto2013	135	2011	131	1
upto2013	135	2011	131	0.998519
upto2013	135	2011	131	0.998519
upto2013	135	2011	131	1
upto2013	135	2011	131	0.996667
upto2013	135	2011	131	1
upto2013	135	2011	131	0.994815
upto2013	135	2012	135	0.998519
upto2013	135	2012	135	1
upto2013	135	2012	135	1
upto2013	135	2012	135	0.998889
upto2013	135	2012	135	0.998148
upto2013	135	2012	135	0.998148
upto2013	135	2012	135	0.997407
upto2013	135	2012	135	0.998148
upto2013	135	2012	135	0.996667
upto2013	135	2012	135	1
upto2013	135	2013	135	0.997407
upto2013	135	2013	135	1
upto2013	135	2013	135	0.998519
upto2013	135	2013	135	1
upto2013	135	2013	135	0.99963
upto2013	135	2013	135	0.998519
upto2013	135	2013	135	1
upto2013	135	2013	135	1
upto2013	135	2013	135	0.998148
upto2013	135	2013	135	1
upto2013	135	2014	1042	0.994815
upto2013	135	2014	1042	0.995185
upto2013	135	2014	1042	0.995556
upto2013	135	2014	1042	0.995556
upto2013	135	2014	1042	0.995185
upto2013	135	2014	1042	0.994815
upto2013	135	2014	1042	0.996296
upto2013	135	2014	1042	0.996667
upto2013	135	2014	1042	0.995185
upto2013	135	2014	1042	0.994074
upto2013	135	2015	1506	0.996296
upto2013	135	2015	1506	0.982593
upto2013	135	2015	1506	0.987037
upto2013	135	2015	1506	0.987037
upto2013	135	2015	1506	0.986667
upto2013	135	2015	1506	0.987037
upto2013	135	2015	1506	0.986296
upto2013	135	2015	1506	0.981852
upto2013	135	2015	1506	0.991481
upto2013	135	2015	1506	0.991481
upto2013	135	2016	1510	0.991481
upto2013	135	2016	1510	0.996296
upto2013	135	2016	1510	0.981852
upto2013	135	2016	1510	0.992593
upto2013	135	2016	1510	0.986667
upto2013	135	2016	1510	0.996296
upto2013	135	2016	1510	0.982222
upto2013	135	2016	1510	0.996296
upto2013	135	2016	1510	0.991481
upto2013	135	2016	1510	0.996296
upto2013	135	2017	1513	0.996296
upto2013	135	2017	1513	0.991481
upto2013	135	2017	1513	0.991481
upto2013	135	2017	1513	0.995926
upto2013	135	2017	1513	0.991481
upto2013	135	2017	1513	0.986667
upto2013	135	2017	1513	0.981852
upto2013	135	2017	1513	0.992222
upto2013	135	2017	1513	0.986667
upto2013	135	2017	1513	0.996667
upto2013	135	2018	1553	0.991852
upto2013	135	2018	1553	0.986667
upto2013	135	2018	1553	0.991111
upto2013	135	2018	1553	0.992222
upto2013	135	2018	1553	0.991111
upto2013	135	2018	1553	0.996667
upto2013	135	2018	1553	0.997407
upto2013	135	2018	1553	0.996296
upto2013	135	2018	1553	0.991852
upto2013	135	2018	1553	0.996296
upto2013	135	2019	1553	0.991852
upto2013	135	2019	1553	0.996296
upto2013	135	2019	1553	0.991111
upto2013	135	2019	1553	0.997407
upto2013	135	2019	1553	0.996296
upto2013	135	2019	1553	0.991852
upto2013	135	2019	1553	0.987407
upto2013	135	2019	1553	0.986667
upto2013	135	2019	1553	0.986667
upto2013	135	2019	1553	0.996296
2007	1	2005	128	0.85
2007	1	2005	128	0.8
2007	1	2005	128	0.85
2007	1	2005	128	0.85
2007	1	2005	128	0.85
2007	1	2005	128	0.85
2007	1	2005	128	0.9
2007	1	2005	128	0.85
2007	1	2005	128	0.85
2007	1	2005	128	0.85
2007	1	2006	128	0.85
2007	1	2006	128	0.9
2007	1	2006	128	0.85
2007	1	2006	128	0.8
2007	1	2006	128	0.9
2007	1	2006	128	0.85
2007	1	2006	128	0.85
2007	1	2006	128	0.85
2007	1	2006	128	0.9
2007	1	2006	128	0.8
2007	1	2007	129	1
2007	1	2007	129	1
2007	1	2007	129	0.8
2007	1	2007	129	0.9
2007	1	2007	129	1
2007	1	2007	129	1
2007	1	2007	129	0.85
2007	1	2007	129	1
2007	1	2007	129	0.9
2007	1	2007	129	0.85
2007	1	2008	130	1
2007	1	2008	130	1
2007	1	2008	130	1
2007	1	2008	130	1
2007	1	2008	130	0.9
2007	1	2008	130	1
2007	1	2008	130	0.85
2007	1	2008	130	0.8
2007	1	2008	130	1
2007	1	2008	130	0.85
2007	1	2009	130	1
2007	1	2009	130	1
2007	1	2009	130	0.85
2007	1	2009	130	0.9
2007	1	2009	130	1
2007	1	2009	130	1
2007	1	2009	130	0.9
2007	1	2009	130	0.85
2007	1	2009	130	0.9
2007	1	2009	130	1
2007	1	2010	130	0.9
2007	1	2010	130	1
2007	1	2010	130	0.85
2007	1	2010	130	0.85
2007	1	2010	130	1
2007	1	2010	130	1
2007	1	2010	130	1
2007	1	2010	130	1
2007	1	2010	130	1
2007	1	2011	131	0.9
2007	1	2011	131	0.9
2007	1	2011	131	0.8
2007	1	2011	131	1
2007	1	2011	131	0.9
2007	1	2011	131	1
2007	1	2011	131	1
2007	1	2011	131	0.85
2007	1	2011	131	1
2007	1	2011	131	0.85
2007	1	2012	135	0.9
2007	1	2012	135	1
2007	1	2012	135	1
2007	1	2012	135	1
2007	1	2012	135	0.95
2007	1	2012	135	0.95
2007	1	2012	135	0.85
2007	1	2012	135	1
2007	1	2012	135	0.85
2007	1	2012	135	1
2007	1	2013	135	0.9
2007	1	2013	135	1
2007	1	2013	135	0.9
2007	1	2013	135	1
2007	1	2013	135	1
2007	1	2013	135	0.9
2007	1	2013	135	1
2007	1	2013	135	1
2007	1	2013	135	1
2007	1	2013	135	1
2007	1	2014	1042	0.8
2007	1	2014	1042	0.8
2007	1	2014	1042	0.85
2007	1	2014	1042	0.85
2007	1	2014	1042	0.85
2007	1	2014	1042	0.8
2007	1	2014	1042	0.9
2007	1	2014	1042	0.9
2007	1	2014	1042	0.75
2007	1	2014	1042	0.75
2007	1	2015	1506	0.85
2007	1	2015	1506	0.8
2007	1	2015	1506	0.8
2007	1	2015	1506	0.8
2007	1	2015	1506	0.8
2007	1	2015	1506	0.8
2007	1	2015	1506	0.75
2007	1	2015	1506	0.8
2007	1	2015	1506	0.8
2007	1	2015	1506	0.8
2007	1	2016	1510	0.85
2007	1	2016	1510	0.85
2007	1	2016	1510	0.8
2007	1	2016	1510	0.85
2007	1	2016	1510	0.8
2007	1	2016	1510	0.85
2007	1	2016	1510	0.8
2007	1	2016	1510	0.85
2007	1	2016	1510	0.8
2007	1	2016	1510	0.85
2007	1	2017	1513	0.85
2007	1	2017	1513	0.8
2007	1	2017	1513	0.8
2007	1	2017	1513	0.8
2007	1	2017	1513	0.8
2007	1	2017	1513	0.8
2007	1	2017	1513	0.8
2007	1	2017	1513	0.85
2007	1	2017	1513	0.8
2007	1	2017	1513	0.85
2007	1	2018	1553	0.85
2007	1	2018	1553	0.8
2007	1	2018	1553	0.8
2007	1	2018	1553	0.85
2007	1	2018	1553	0.8
2007	1	2018	1553	0.85
2007	1	2018	1553	0.9
2007	1	2018	1553	0.85
2007	1	2018	1553	0.85
2007	1	2018	1553	0.85
2007	1	2019	1553	0.85
2007	1	2019	1553	0.85
2007	1	2019	1553	0.8
2007	1	2019	1553	0.9
2007	1	2019	1553	0.85
2007	1	2019	1553	0.85
2007	1	2019	1553	0.85
2007	1	2019	1553	0.8
2007	1	2019	1553	0.8
2007	1	2019	1553	0.85
2008	1	2005	128	0.85
2008	1	2005	128	0.8
2008	1	2005	128	0.85
2008	1	2005	128	0.85
2008	1	2005	128	0.85
2008	1	2005	128	0.85
2008	1	2005	128	0.9
2008	1	2005	128	0.85
2008	1	2005	128	0.85
2008	1	2005	128	0.85
2008	1	2006	128	0.85
2008	1	2006	128	0.9
2008	1	2006	128	0.85
2008	1	2006	128	0.8
2008	1	2006	128	0.9
2008	1	2006	128	0.85
2008	1	2006	128	0.85
2008	1	2006	128	0.85
2008	1	2006	128	0.9
2008	1	2006	128	0.8
2008	1	2007	129	1
2008	1	2007	129	0.95
2008	1	2007	129	0.8
2008	1	2007	129	0.9
2008	1	2007	129	0.95
2008	1	2007	129	1
2008	1	2007	129	0.85
2008	1	2007	129	1
2008	1	2007	129	0.9
2008	1	2007	129	0.85
2008	1	2008	130	1
2008	1	2008	130	1
2008	1	2008	130	1
2008	1	2008	130	1
2008	1	2008	130	0.9
2008	1	2008	130	0.95
2008	1	2008	130	0.85
2008	1	2008	130	0.8
2008	1	2008	130	1
2008	1	2008	130	0.85
2008	1	2009	130	1
2008	1	2009	130	1
2008	1	2009	130	0.85
2008	1	2009	130	0.9
2008	1	2009	130	1
2008	1	2009	130	1
2008	1	2009	130	0.9
2008	1	2009	130	0.85
2008	1	2009	130	0.9
2008	1	2009	130	1
2008	1	2010	130	0.9
2008	1	2010	130	0.95
2008	1	2010	130	0.85
2008	1	2010	130	0.85
2008	1	2010	130	1
2008	1	2010	130	1
2008	1	2010	130	1
2008	1	2010	130	1
2008	1	2010	130	0.95
2008	1	2011	131	0.9
2008	1	2011	131	0.9
2008	1	2011	131	0.8
2008	1	2011	131	1
2008	1	2011	131	0.9
2008	1	2011	131	0.95
2008	1	2011	131	1
2008	1	2011	131	0.85
2008	1	2011	131	1
2008	1	2011	131	0.85
2008	1	2012	135	0.9
2008	1	2012	135	1
2008	1	2012	135	1
2008	1	2012	135	1
2008	1	2012	135	0.95
2008	1	2012	135	0.95
2008	1	2012	135	0.85
2008	1	2012	135	1
2008	1	2012	135	0.85
2008	1	2012	135	1
2008	1	2013	135	0.9
2008	1	2013	135	1
2008	1	2013	135	0.9
2008	1	2013	135	1
2008	1	2013	135	1
2008	1	2013	135	0.9
2008	1	2013	135	1
2008	1	2013	135	1
2008	1	2013	135	1
2008	1	2013	135	1
2008	1	2014	1042	0.8
2008	1	2014	1042	0.8
2008	1	2014	1042	0.8
2008	1	2014	1042	0.85
2008	1	2014	1042	0.85
2008	1	2014	1042	0.8
2008	1	2014	1042	0.9
2008	1	2014	1042	0.9
2008	1	2014	1042	0.75
2008	1	2014	1042	0.75
2008	1	2015	1506	0.85
2008	1	2015	1506	0.8
2008	1	2015	1506	0.8
2008	1	2015	1506	0.8
2008	1	2015	1506	0.8
2008	1	2015	1506	0.8
2008	1	2015	1506	0.75
2008	1	2015	1506	0.8
2008	1	2015	1506	0.8
2008	1	2015	1506	0.8
2008	1	2016	1510	0.85
2008	1	2016	1510	0.85
2008	1	2016	1510	0.8
2008	1	2016	1510	0.85
2008	1	2016	1510	0.8
2008	1	2016	1510	0.85
2008	1	2016	1510	0.8
2008	1	2016	1510	0.85
2008	1	2016	1510	0.8
2008	1	2016	1510	0.85
2008	1	2017	1513	0.85
2008	1	2017	1513	0.8
2008	1	2017	1513	0.8
2008	1	2017	1513	0.8
2008	1	2017	1513	0.8
2008	1	2017	1513	0.8
2008	1	2017	1513	0.8
2008	1	2017	1513	0.85
2008	1	2017	1513	0.8
2008	1	2017	1513	0.85
2008	1	2018	1553	0.85
2008	1	2018	1553	0.8
2008	1	2018	1553	0.8
2008	1	2018	1553	0.85
2008	1	2018	1553	0.8
2008	1	2018	1553	0.85
2008	1	2018	1553	0.9
2008	1	2018	1553	0.85
2008	1	2018	1553	0.85
2008	1	2018	1553	0.85
2008	1	2019	1553	0.85
2008	1	2019	1553	0.85
2008	1	2019	1553	0.8
2008	1	2019	1553	0.9
2008	1	2019	1553	0.85
2008	1	2019	1553	0.85
2008	1	2019	1553	0.85
2008	1	2019	1553	0.8
2008	1	2019	1553	0.8
2008	1	2019	1553	0.85
2011	1	2005	128	1
2011	1	2005	128	1
2011	1	2005	128	1
2011	1	2005	128	1
2011	1	2005	128	1
2011	1	2005	128	1
2011	1	2005	128	1
2011	1	2005	128	1
2011	1	2005	128	1
2011	1	2005	128	1
2011	1	2006	128	1
2011	1	2006	128	1
2011	1	2006	128	1
2011	1	2006	128	1
2011	1	2006	128	1
2011	1	2006	128	1
2011	1	2006	128	1
2011	1	2006	128	1
2011	1	2006	128	1
2011	1	2006	128	1
2011	1	2007	129	1
2011	1	2007	129	1
2011	1	2007	129	1
2011	1	2007	129	1
2011	1	2007	129	1
2011	1	2007	129	1
2011	1	2007	129	1
2011	1	2007	129	1
2011	1	2007	129	1
2011	1	2007	129	1
2011	1	2008	130	1
2011	1	2008	130	1
2011	1	2008	130	1
2011	1	2008	130	1
2011	1	2008	130	1
2011	1	2008	130	1
2011	1	2008	130	1
2011	1	2008	130	1
2011	1	2008	130	1
2011	1	2008	130	1
2011	1	2009	130	1
2011	1	2009	130	1
2011	1	2009	130	1
2011	1	2009	130	1
2011	1	2009	130	1
2011	1	2009	130	1
2011	1	2009	130	1
2011	1	2009	130	1
2011	1	2009	130	1
2011	1	2009	130	1
2011	1	2010	130	1
2011	1	2010	130	1
2011	1	2010	130	1
2011	1	2010	130	1
2011	1	2010	130	1
2011	1	2010	130	1
2011	1	2010	130	1
2011	1	2010	130	1
2011	1	2010	130	1
2011	1	2011	131	1
2011	1	2011	131	1
2011	1	2011	131	1
2011	1	2011	131	1
2011	1	2011	131	1
2011	1	2011	131	1
2011	1	2011	131	1
2011	1	2011	131	1
2011	1	2011	131	1
2011	1	2011	131	1
2011	1	2012	135	1
2011	1	2012	135	1
2011	1	2012	135	1
2011	1	2012	135	1
2011	1	2012	135	1
2011	1	2012	135	1
2011	1	2012	135	1
2011	1	2012	135	1
2011	1	2012	135	1
2011	1	2012	135	1
2011	1	2013	135	1
2011	1	2013	135	1
2011	1	2013	135	1
2011	1	2013	135	1
2011	1	2013	135	1
2011	1	2013	135	1
2011	1	2013	135	1
2011	1	2013	135	1
2011	1	2013	135	1
2011	1	2013	135	1
2011	1	2014	1042	1
2011	1	2014	1042	1
2011	1	2014	1042	1
2011	1	2014	1042	1
2011	1	2014	1042	1
2011	1	2014	1042	1
2011	1	2014	1042	1
2011	1	2014	1042	1
2011	1	2014	1042	1
2011	1	2014	1042	1
2011	1	2015	1506	1
2011	1	2015	1506	1
2011	1	2015	1506	1
2011	1	2015	1506	1
2011	1	2015	1506	1
2011	1	2015	1506	1
2011	1	2015	1506	1
2011	1	2015	1506	1
2011	1	2015	1506	1
2011	1	2015	1506	1
2011	1	2016	1510	1
2011	1	2016	1510	1
2011	1	2016	1510	1
2011	1	2016	1510	1
2011	1	2016	1510	1
2011	1	2016	1510	1
2011	1	2016	1510	1
2011	1	2016	1510	1
2011	1	2016	1510	1
2011	1	2016	1510	1
2011	1	2017	1513	1
2011	1	2017	1513	1
2011	1	2017	1513	1
2011	1	2017	1513	1
2011	1	2017	1513	1
2011	1	2017	1513	1
2011	1	2017	1513	1
2011	1	2017	1513	1
2011	1	2017	1513	1
2011	1	2017	1513	1
2011	1	2018	1553	1
2011	1	2018	1553	1
2011	1	2018	1553	1
2011	1	2018	1553	1
2011	1	2018	1553	1
2011	1	2018	1553	1
2011	1	2018	1553	1
2011	1	2018	1553	1
2011	1	2018	1553	1
2011	1	2018	1553	1
2011	1	2019	1553	1
2011	1	2019	1553	1
2011	1	2019	1553	1
2011	1	2019	1553	1
2011	1	2019	1553	1
2011	1	2019	1553	1
2011	1	2019	1553	1
2011	1	2019	1553	1
2011	1	2019	1553	1
2011	1	2019	1553	1
2012	4	2005	128	0.975
2012	4	2005	128	0.9625
2012	4	2005	128	0.9625
2012	4	2005	128	0.975
2012	4	2005	128	0.9125
2012	4	2005	128	0.975
2012	4	2005	128	0.9625
2012	4	2005	128	0.8875
2012	4	2005	128	0.975
2012	4	2005	128	0.975
2012	4	2006	128	0.9125
2012	4	2006	128	0.9625
2012	4	2006	128	1
2012	4	2006	128	0.9625
2012	4	2006	128	1
2012	4	2006	128	0.975
2012	4	2006	128	0.975
2012	4	2006	128	0.8875
2012	4	2006	128	1
2012	4	2006	128	0.9625
2012	4	2007	129	1
2012	4	2007	129	0.9625
2012	4	2007	129	0.9625
2012	4	2007	129	1
2012	4	2007	129	0.9625
2012	4	2007	129	1
2012	4	2007	129	0.975
2012	4	2007	129	1
2012	4	2007	129	0.9625
2012	4	2007	129	0.9125
2012	4	2008	130	1
2012	4	2008	130	1
2012	4	2008	130	1
2012	4	2008	130	1
2012	4	2008	130	1
2012	4	2008	130	0.9625
2012	4	2008	130	0.975
2012	4	2008	130	0.9625
2012	4	2008	130	0.9625
2012	4	2008	130	0.9125
2012	4	2009	130	1
2012	4	2009	130	0.9875
2012	4	2009	130	0.975
2012	4	2009	130	1
2012	4	2009	130	1
2012	4	2009	130	1
2012	4	2009	130	1
2012	4	2009	130	0.975
2012	4	2009	130	1
2012	4	2009	130	1
2012	4	2010	130	1
2012	4	2010	130	0.9625
2012	4	2010	130	0.975
2012	4	2010	130	0.975
2012	4	2010	130	1
2012	4	2010	130	1
2012	4	2010	130	1
2012	4	2010	130	1
2012	4	2010	130	0.9625
2012	4	2011	131	1
2012	4	2011	131	0.9625
2012	4	2011	131	0.9625
2012	4	2011	131	1
2012	4	2011	131	1
2012	4	2011	131	0.9625
2012	4	2011	131	1
2012	4	2011	131	0.9625
2012	4	2011	131	1
2012	4	2011	131	0.9125
2012	4	2012	135	1
2012	4	2012	135	1
2012	4	2012	135	1
2012	4	2012	135	0.975
2012	4	2012	135	0.975
2012	4	2012	135	0.975
2012	4	2012	135	0.9875
2012	4	2012	135	0.975
2012	4	2012	135	0.975
2012	4	2012	135	1
2012	4	2013	135	0.975
2012	4	2013	135	1
2012	4	2013	135	1
2012	4	2013	135	1
2012	4	2013	135	0.9875
2012	4	2013	135	1
2012	4	2013	135	1
2012	4	2013	135	1
2012	4	2013	135	0.975
2012	4	2013	135	1
2012	4	2014	1042	0.975
2012	4	2014	1042	0.975
2012	4	2014	1042	0.975
2012	4	2014	1042	0.975
2012	4	2014	1042	0.975
2012	4	2014	1042	0.975
2012	4	2014	1042	0.975
2012	4	2014	1042	0.975
2012	4	2014	1042	0.975
2012	4	2014	1042	0.975
2012	4	2015	1506	0.975
2012	4	2015	1506	0.975
2012	4	2015	1506	0.975
2012	4	2015	1506	0.975
2012	4	2015	1506	0.975
2012	4	2015	1506	0.975
2012	4	2015	1506	0.975
2012	4	2015	1506	0.975
2012	4	2015	1506	0.975
2012	4	2015	1506	0.975
2012	4	2016	1510	0.975
2012	4	2016	1510	0.975
2012	4	2016	1510	0.975
2012	4	2016	1510	0.9875
2012	4	2016	1510	0.975
2012	4	2016	1510	0.975
2012	4	2016	1510	0.975
2012	4	2016	1510	0.975
2012	4	2016	1510	0.975
2012	4	2016	1510	0.975
2012	4	2017	1513	0.975
2012	4	2017	1513	0.975
2012	4	2017	1513	0.975
2012	4	2017	1513	0.975
2012	4	2017	1513	0.975
2012	4	2017	1513	0.975
2012	4	2017	1513	0.975
2012	4	2017	1513	0.975
2012	4	2017	1513	0.975
2012	4	2017	1513	0.975
2012	4	2018	1553	0.975
2012	4	2018	1553	0.975
2012	4	2018	1553	0.975
2012	4	2018	1553	0.9875
2012	4	2018	1553	0.975
2012	4	2018	1553	0.975
2012	4	2018	1553	0.9875
2012	4	2018	1553	0.975
2012	4	2018	1553	0.975
2012	4	2018	1553	0.975
2012	4	2019	1553	0.975
2012	4	2019	1553	0.975
2012	4	2019	1553	0.975
2012	4	2019	1553	0.9875
2012	4	2019	1553	0.975
2012	4	2019	1553	0.975
2012	4	2019	1553	0.975
2012	4	2019	1553	0.975
2012	4	2019	1553	0.975
2012	4	2019	1553	0.975
2014	907	2005	128	0.675799
2014	907	2005	128	0.722492
2014	907	2005	128	0.625799
2014	907	2005	128	0.675799
2014	907	2005	128	0.712348
2014	907	2005	128	0.675799
2014	907	2005	128	0.57624
2014	907	2005	128	0.665766
2014	907	2005	128	0.630595
2014	907	2005	128	0.675799
2014	907	2006	128	0.712293
2014	907	2006	128	0.57624
2014	907	2006	128	0.58699
2014	907	2006	128	0.623484
2014	907	2006	128	0.680926
2014	907	2006	128	0.675799
2014	907	2006	128	0.675799
2014	907	2006	128	0.665215
2014	907	2006	128	0.680926
2014	907	2006	128	0.722492
2014	907	2007	129	0.728776
2014	907	2007	129	0.620617
2014	907	2007	129	0.722492
2014	907	2007	129	0.730044
2014	907	2007	129	0.620617
2014	907	2007	129	0.587155
2014	907	2007	129	0.575083
2014	907	2007	129	0.728225
2014	907	2007	129	0.57624
2014	907	2007	129	0.618026
2014	907	2008	130	0.679713
2014	907	2008	130	0.728225
2014	907	2008	130	0.587155
2014	907	2008	130	0.679713
2014	907	2008	130	0.635722
2014	907	2008	130	0.620507
2014	907	2008	130	0.672988
2014	907	2008	130	0.677288
2014	907	2008	130	0.676902
2014	907	2008	130	0.712293
2014	907	2009	130	0.679824
2014	907	2009	130	0.433572
2014	907	2009	130	0.675799
2014	907	2009	130	0.680816
2014	907	2009	130	0.681588
2014	907	2009	130	0.728225
2014	907	2009	130	0.68473
2014	907	2009	130	0.724917
2014	907	2009	130	0.680816
2014	907	2009	130	0.679824
2014	907	2010	130	0.680816
2014	907	2010	130	0.528556
2014	907	2010	130	0.630595
2014	907	2010	130	0.675799
2014	907	2010	130	0.728225
2014	907	2010	130	0.679713
2014	907	2010	130	0.587155
2014	907	2010	130	0.587155
2014	907	2010	130	0.57828
2014	907	2011	131	0.635612
2014	907	2011	131	0.668853
2014	907	2011	131	0.531863
2014	907	2011	131	0.728225
2014	907	2011	131	0.635722
2014	907	2011	131	0.620507
2014	907	2011	131	0.679824
2014	907	2011	131	0.47613
2014	907	2011	131	0.679713
2014	907	2011	131	0.712293
2014	907	2012	135	0.587211
2014	907	2012	135	0.679824
2014	907	2012	135	0.77828
2014	907	2012	135	0.779493
2014	907	2012	135	0.779493
2014	907	2012	135	0.727178
2014	907	2012	135	0.771775
2014	907	2012	135	0.731147
2014	907	2012	135	0.681643
2014	907	2013	135	0.679383
2014	907	2013	135	0.681698
2014	907	2013	135	0.831312
2014	907	2013	135	0.728225
2014	907	2013	135	0.733352
2014	907	2013	135	0.831312
2014	907	2013	135	0.686604
2014	907	2013	135	0.679713
2014	907	2013	135	0.680265
2014	907	2013	135	0.587266
2014	907	2014	1042	0.994377
2014	907	2014	1042	0.99366
2014	907	2014	1042	0.994983
2014	907	2014	1042	0.994598
2014	907	2014	1042	0.995204
2014	907	2014	1042	0.994928
2014	907	2014	1042	0.994928
2014	907	2014	1042	0.993771
2014	907	2014	1042	0.992834
2014	907	2014	1042	0.993385
2014	907	2015	1506	0.996858
2014	907	2015	1506	0.995645
2014	907	2015	1506	0.9957
2014	907	2015	1506	0.9957
2014	907	2015	1506	0.996417
2014	907	2015	1506	0.996472
2014	907	2015	1506	0.9957
2014	907	2015	1506	0.995369
2014	907	2015	1506	0.995535
2014	907	2015	1506	0.995865
2014	907	2016	1510	0.996251
2014	907	2016	1510	0.995921
2014	907	2016	1510	0.99581
2014	907	2016	1510	0.996362
2014	907	2016	1510	0.996307
2014	907	2016	1510	0.995976
2014	907	2016	1510	0.996527
2014	907	2016	1510	0.995976
2014	907	2016	1510	0.995149
2014	907	2016	1510	0.996417
2014	907	2017	1513	0.99559
2014	907	2017	1513	0.996031
2014	907	2017	1513	0.99548
2014	907	2017	1513	0.995424
2014	907	2017	1513	0.996031
2014	907	2017	1513	0.996307
2014	907	2017	1513	0.995976
2014	907	2017	1513	0.99581
2014	907	2017	1513	0.996031
2014	907	2017	1513	0.995369
2014	907	2018	1553	0.996803
2014	907	2018	1553	0.996141
2014	907	2018	1553	0.995865
2014	907	2018	1553	0.997023
2014	907	2018	1553	0.996031
2014	907	2018	1553	0.996417
2014	907	2018	1553	0.997519
2014	907	2018	1553	0.996748
2014	907	2018	1553	0.996858
2014	907	2018	1553	0.996803
2014	907	2019	1553	0.996803
2014	907	2019	1553	0.996251
2014	907	2019	1553	0.99581
2014	907	2019	1553	0.997133
2014	907	2019	1553	0.996141
2014	907	2019	1553	0.996803
2014	907	2019	1553	0.996307
2014	907	2019	1553	0.996803
2014	907	2019	1553	0.996307
2014	907	2019	1553	0.995976
2015	464	2005	128	0.661961
2015	464	2005	128	0.705065
2015	464	2005	128	0.642996
2015	464	2005	128	0.661961
2015	464	2005	128	0.731573
2015	464	2005	128	0.661961
2015	464	2005	128	0.601724
2015	464	2005	128	0.688254
2015	464	2005	128	0.619828
2015	464	2005	128	0.661961
2015	464	2006	128	0.731573
2015	464	2006	128	0.601724
2015	464	2006	128	0.579418
2015	464	2006	128	0.647198
2015	464	2006	128	0.662177
2015	464	2006	128	0.661961
2015	464	2006	128	0.661961
2015	464	2006	128	0.688147
2015	464	2006	128	0.662177
2015	464	2006	128	0.705065
2015	464	2007	129	0.715733
2015	464	2007	129	0.657543
2015	464	2007	129	0.705065
2015	464	2007	129	0.707651
2015	464	2007	129	0.657543
2015	464	2007	129	0.582651
2015	464	2007	129	0.597737
2015	464	2007	129	0.715625
2015	464	2007	129	0.601724
2015	464	2007	129	0.643427
2015	464	2008	130	0.681142
2015	464	2008	130	0.715625
2015	464	2008	130	0.582651
2015	464	2008	130	0.681142
2015	464	2008	130	0.620043
2015	464	2008	130	0.657543
2015	464	2008	130	0.665948
2015	464	2008	130	0.662931
2015	464	2008	130	0.705065
2015	464	2008	130	0.731573
2015	464	2009	130	0.681142
2015	464	2009	130	0.480603
2015	464	2009	130	0.661961
2015	464	2009	130	0.662177
2015	464	2009	130	0.67069
2015	464	2009	130	0.715625
2015	464	2009	130	0.665517
2015	464	2009	130	0.707435
2015	464	2009	130	0.662177
2015	464	2009	130	0.681142
2015	464	2010	130	0.662177
2015	464	2010	130	0.570582
2015	464	2010	130	0.619828
2015	464	2010	130	0.661961
2015	464	2010	130	0.715625
2015	464	2010	130	0.681142
2015	464	2010	130	0.582651
2015	464	2010	130	0.582651
2015	464	2010	130	0.61681
2015	464	2011	131	0.620043
2015	464	2011	131	0.665086
2015	464	2011	131	0.560237
2015	464	2011	131	0.715625
2015	464	2011	131	0.620043
2015	464	2011	131	0.657543
2015	464	2011	131	0.681142
2015	464	2011	131	0.509052
2015	464	2011	131	0.681142
2015	464	2011	131	0.731573
2015	464	2012	135	0.662177
2015	464	2012	135	0.582651
2015	464	2012	135	0.681142
2015	464	2012	135	0.794504
2015	464	2012	135	0.777802
2015	464	2012	135	0.777802
2015	464	2012	135	0.70528
2015	464	2012	135	0.793103
2015	464	2012	135	0.736315
2015	464	2012	135	0.704203
2015	464	2013	135	0.686207
2015	464	2013	135	0.67069
2015	464	2013	135	0.827478
2015	464	2013	135	0.715625
2015	464	2013	135	0.741703
2015	464	2013	135	0.827478
2015	464	2013	135	0.712392
2015	464	2013	135	0.681142
2015	464	2013	135	0.70625
2015	464	2013	135	0.582651
2015	464	2014	1042	0.995474
2015	464	2014	1042	0.982543
2015	464	2014	1042	0.993534
2015	464	2014	1042	0.99569
2015	464	2014	1042	0.987931
2015	464	2014	1042	0.990194
2015	464	2014	1042	0.990194
2015	464	2014	1042	0.991056
2015	464	2014	1042	0.995151
2015	464	2014	1042	0.987931
2015	464	2015	1506	0.998815
2015	464	2015	1506	0.998168
2015	464	2015	1506	0.997953
2015	464	2015	1506	0.998168
2015	464	2015	1506	0.996875
2015	464	2015	1506	0.998599
2015	464	2015	1506	0.996875
2015	464	2015	1506	0.998276
2015	464	2015	1506	0.997953
2015	464	2015	1506	0.997414
2015	464	2016	1510	0.998707
2015	464	2016	1510	0.99806
2015	464	2016	1510	0.998707
2015	464	2016	1510	0.996336
2015	464	2016	1510	0.998491
2015	464	2016	1510	0.997953
2015	464	2016	1510	0.996552
2015	464	2016	1510	0.997629
2015	464	2016	1510	0.997522
2015	464	2016	1510	0.998384
2015	464	2017	1513	0.996121
2015	464	2017	1513	0.998168
2015	464	2017	1513	0.996659
2015	464	2017	1513	0.996552
2015	464	2017	1513	0.996444
2015	464	2017	1513	0.998491
2015	464	2017	1513	0.998599
2015	464	2017	1513	0.997845
2015	464	2017	1513	0.994828
2015	464	2017	1513	0.993534
2015	464	2018	1553	0.998815
2015	464	2018	1553	0.99806
2015	464	2018	1553	0.996659
2015	464	2018	1553	0.997737
2015	464	2018	1553	0.998168
2015	464	2018	1553	0.998707
2015	464	2018	1553	0.998599
2015	464	2018	1553	0.998276
2015	464	2018	1553	0.998599
2015	464	2018	1553	0.996875
2015	464	2019	1553	0.998707
2015	464	2019	1553	0.996552
2015	464	2019	1553	0.998168
2015	464	2019	1553	0.997845
2015	464	2019	1553	0.998276
2015	464	2019	1553	0.998276
2015	464	2019	1553	0.998276
2015	464	2019	1553	0.998384
2015	464	2019	1553	0.99569
2015	464	2019	1553	0.997845
2016	4	2005	128	0.7
2016	4	2005	128	0.725
2016	4	2005	128	0.625
2016	4	2005	128	0.7
2016	4	2005	128	0.725
2016	4	2005	128	0.7
2016	4	2005	128	0.5875
2016	4	2005	128	0.6625
2016	4	2005	128	0.65
2016	4	2005	128	0.7
2016	4	2006	128	0.725
2016	4	2006	128	0.5875
2016	4	2006	128	0.6
2016	4	2006	128	0.625
2016	4	2006	128	0.7
2016	4	2006	128	0.7
2016	4	2006	128	0.7
2016	4	2006	128	0.6625
2016	4	2006	128	0.7
2016	4	2006	128	0.725
2016	4	2007	129	0.75
2016	4	2007	129	0.6375
2016	4	2007	129	0.725
2016	4	2007	129	0.75
2016	4	2007	129	0.6375
2016	4	2007	129	0.6
2016	4	2007	129	0.6
2016	4	2007	129	0.75
2016	4	2007	129	0.5875
2016	4	2007	129	0.625
2016	4	2008	130	0.7
2016	4	2008	130	0.75
2016	4	2008	130	0.6
2016	4	2008	130	0.7
2016	4	2008	130	0.65
2016	4	2008	130	0.6375
2016	4	2008	130	0.7
2016	4	2008	130	0.675
2016	4	2008	130	0.6625
2016	4	2008	130	0.725
2016	4	2009	130	0.7
2016	4	2009	130	0.45
2016	4	2009	130	0.7
2016	4	2009	130	0.7
2016	4	2009	130	0.7
2016	4	2009	130	0.75
2016	4	2009	130	0.7
2016	4	2009	130	0.75
2016	4	2009	130	0.7
2016	4	2009	130	0.7
2016	4	2010	130	0.7
2016	4	2010	130	0.5375
2016	4	2010	130	0.65
2016	4	2010	130	0.7
2016	4	2010	130	0.75
2016	4	2010	130	0.7
2016	4	2010	130	0.6
2016	4	2010	130	0.6
2016	4	2010	130	0.5875
2016	4	2011	131	0.65
2016	4	2011	131	0.6875
2016	4	2011	131	0.525
2016	4	2011	131	0.75
2016	4	2011	131	0.65
2016	4	2011	131	0.6375
2016	4	2011	131	0.7
2016	4	2011	131	0.4875
2016	4	2011	131	0.7
2016	4	2011	131	0.725
2016	4	2012	135	0.7
2016	4	2012	135	0.6
2016	4	2012	135	0.7
2016	4	2012	135	0.7375
2016	4	2012	135	0.7625
2016	4	2012	135	0.7625
2016	4	2012	135	0.725
2016	4	2012	135	0.775
2016	4	2012	135	0.6875
2016	4	2012	135	0.7
2016	4	2013	135	0.675
2016	4	2013	135	0.7
2016	4	2013	135	0.85
2016	4	2013	135	0.75
2016	4	2013	135	0.7
2016	4	2013	135	0.85
2016	4	2013	135	0.675
2016	4	2013	135	0.7
2016	4	2013	135	0.675
2016	4	2013	135	0.6
2016	4	2014	1042	1
2016	4	2014	1042	1
2016	4	2014	1042	1
2016	4	2014	1042	1
2016	4	2014	1042	1
2016	4	2014	1042	1
2016	4	2014	1042	1
2016	4	2014	1042	1
2016	4	2014	1042	1
2016	4	2014	1042	1
2016	4	2015	1506	0.9875
2016	4	2015	1506	0.975
2016	4	2015	1506	0.9875
2016	4	2015	1506	0.975
2016	4	2015	1506	0.975
2016	4	2015	1506	0.975
2016	4	2015	1506	0.9875
2016	4	2015	1506	0.975
2016	4	2015	1506	0.9875
2016	4	2015	1506	0.9875
2016	4	2016	1510	0.9875
2016	4	2016	1510	1
2016	4	2016	1510	0.975
2016	4	2016	1510	0.975
2016	4	2016	1510	0.975
2016	4	2016	1510	0.9875
2016	4	2016	1510	0.975
2016	4	2016	1510	1
2016	4	2016	1510	0.9875
2016	4	2016	1510	0.9875
2016	4	2017	1513	1
2016	4	2017	1513	0.9875
2016	4	2017	1513	1
2016	4	2017	1513	1
2016	4	2017	1513	0.9875
2016	4	2017	1513	0.975
2016	4	2017	1513	0.975
2016	4	2017	1513	0.9875
2016	4	2017	1513	0.975
2016	4	2017	1513	1
2016	4	2018	1553	0.9875
2016	4	2018	1553	0.9875
2016	4	2018	1553	1
2016	4	2018	1553	1
2016	4	2018	1553	0.9875
2016	4	2018	1553	0.9875
2016	4	2018	1553	0.9875
2016	4	2018	1553	1
2016	4	2018	1553	1
2016	4	2018	1553	1
2016	4	2019	1553	0.9875
2016	4	2019	1553	0.9875
2016	4	2019	1553	0.9875
2016	4	2019	1553	1
2016	4	2019	1553	0.9875
2016	4	2019	1553	0.9875
2016	4	2019	1553	1
2016	4	2019	1553	0.9875
2016	4	2019	1553	0.9875
2016	4	2019	1553	1
2017	3	2005	128	0.766667
2017	3	2005	128	0.816667
2017	3	2005	128	0.766667
2017	3	2005	128	0.766667
2017	3	2005	128	0.716667
2017	3	2005	128	0.766667
2017	3	2005	128	0.716667
2017	3	2005	128	0.716667
2017	3	2005	128	0.716667
2017	3	2005	128	0.766667
2017	3	2006	128	0.716667
2017	3	2006	128	0.716667
2017	3	2006	128	0.616667
2017	3	2006	128	0.683333
2017	3	2006	128	0.766667
2017	3	2006	128	0.766667
2017	3	2006	128	0.766667
2017	3	2006	128	0.716667
2017	3	2006	128	0.766667
2017	3	2006	128	0.816667
2017	3	2007	129	0.683333
2017	3	2007	129	0.733333
2017	3	2007	129	0.816667
2017	3	2007	129	0.716667
2017	3	2007	129	0.783333
2017	3	2007	129	0.716667
2017	3	2007	129	0.583333
2017	3	2007	129	0.683333
2017	3	2007	129	0.716667
2017	3	2007	129	0.666667
2017	3	2008	130	0.683333
2017	3	2008	130	0.683333
2017	3	2008	130	0.666667
2017	3	2008	130	0.683333
2017	3	2008	130	0.716667
2017	3	2008	130	0.783333
2017	3	2008	130	0.633333
2017	3	2008	130	0.766667
2017	3	2008	130	0.783333
2017	3	2008	130	0.716667
2017	3	2009	130	0.683333
2017	3	2009	130	0.633333
2017	3	2009	130	0.766667
2017	3	2009	130	0.766667
2017	3	2009	130	0.716667
2017	3	2009	130	0.683333
2017	3	2009	130	0.666667
2017	3	2009	130	0.716667
2017	3	2009	130	0.766667
2017	3	2009	130	0.683333
2017	3	2010	130	0.766667
2017	3	2010	130	0.716667
2017	3	2010	130	0.716667
2017	3	2010	130	0.766667
2017	3	2010	130	0.683333
2017	3	2010	130	0.683333
2017	3	2010	130	0.666667
2017	3	2010	130	0.666667
2017	3	2010	130	0.716667
2017	3	2011	131	0.716667
2017	3	2011	131	0.716667
2017	3	2011	131	0.616667
2017	3	2011	131	0.683333
2017	3	2011	131	0.716667
2017	3	2011	131	0.733333
2017	3	2011	131	0.683333
2017	3	2011	131	0.516667
2017	3	2011	131	0.683333
2017	3	2011	131	0.716667
2017	3	2012	135	0.766667
2017	3	2012	135	0.716667
2017	3	2012	135	0.683333
2017	3	2012	135	0.816667
2017	3	2012	135	0.766667
2017	3	2012	135	0.766667
2017	3	2012	135	0.816667
2017	3	2012	135	0.783333
2017	3	2012	135	0.666667
2017	3	2012	135	0.783333
2017	3	2013	135	0.766667
2017	3	2013	135	0.716667
2017	3	2013	135	0.716667
2017	3	2013	135	0.683333
2017	3	2013	135	0.766667
2017	3	2013	135	0.716667
2017	3	2013	135	0.766667
2017	3	2013	135	0.683333
2017	3	2013	135	0.816667
2017	3	2013	135	0.716667
2017	3	2014	1042	0.85
2017	3	2014	1042	0.75
2017	3	2014	1042	0.85
2017	3	2014	1042	0.85
2017	3	2014	1042	0.85
2017	3	2014	1042	0.85
2017	3	2014	1042	0.85
2017	3	2014	1042	0.85
2017	3	2014	1042	0.85
2017	3	2014	1042	0.85
2017	3	2015	1506	0.9
2017	3	2015	1506	0.8
2017	3	2015	1506	0.8
2017	3	2015	1506	0.8
2017	3	2015	1506	0.9
2017	3	2015	1506	0.9
2017	3	2015	1506	0.85
2017	3	2015	1506	0.8
2017	3	2015	1506	0.85
2017	3	2015	1506	0.85
2017	3	2016	1510	0.85
2017	3	2016	1510	0.8
2017	3	2016	1510	0.85
2017	3	2016	1510	0.85
2017	3	2016	1510	0.9
2017	3	2016	1510	0.85
2017	3	2016	1510	0.85
2017	3	2016	1510	0.8
2017	3	2016	1510	0.85
2017	3	2016	1510	0.85
2017	3	2017	1513	0.85
2017	3	2017	1513	0.8
2017	3	2017	1513	0.85
2017	3	2017	1513	0.9
2017	3	2017	1513	0.8
2017	3	2017	1513	0.9
2017	3	2017	1513	0.85
2017	3	2017	1513	0.8
2017	3	2017	1513	0.9
2017	3	2017	1513	0.85
2017	3	2018	1553	0.85
2017	3	2018	1553	0.8
2017	3	2018	1553	0.85
2017	3	2018	1553	0.8
2017	3	2018	1553	0.85
2017	3	2018	1553	0.9
2017	3	2018	1553	0.9
2017	3	2018	1553	0.85
2017	3	2018	1553	0.85
2017	3	2018	1553	0.85
2017	3	2019	1553	0.85
2017	3	2019	1553	0.8
2017	3	2019	1553	0.8
2017	3	2019	1553	0.95
2017	3	2019	1553	0.9
2017	3	2019	1553	0.85
2017	3	2019	1553	0.8
2017	3	2019	1553	0.85
2017	3	2019	1553	0.9
2017	3	2019	1553	0.8
2018	40	2005	128	0.70375
2018	40	2005	128	0.70375
2018	40	2005	128	0.785
2018	40	2005	128	0.70375
2018	40	2005	128	0.7625
2018	40	2005	128	0.70375
2018	40	2005	128	0.735
2018	40	2005	128	0.6975
2018	40	2005	128	0.6575
2018	40	2005	128	0.70375
2018	40	2006	128	0.7625
2018	40	2006	128	0.735
2018	40	2006	128	0.6575
2018	40	2006	128	0.75375
2018	40	2006	128	0.70375
2018	40	2006	128	0.70375
2018	40	2006	128	0.70375
2018	40	2006	128	0.6975
2018	40	2006	128	0.70375
2018	40	2006	128	0.70375
2018	40	2007	129	0.79125
2018	40	2007	129	0.85
2018	40	2007	129	0.70375
2018	40	2007	129	0.70375
2018	40	2007	129	0.81875
2018	40	2007	129	0.72625
2018	40	2007	129	0.6725
2018	40	2007	129	0.7725
2018	40	2007	129	0.735
2018	40	2007	129	0.71625
2018	40	2008	130	0.8225
2018	40	2008	130	0.7725
2018	40	2008	130	0.72625
2018	40	2008	130	0.8225
2018	40	2008	130	0.6575
2018	40	2008	130	0.81875
2018	40	2008	130	0.7225
2018	40	2008	130	0.6575
2018	40	2008	130	0.835
2018	40	2008	130	0.7625
2018	40	2009	130	0.8225
2018	40	2009	130	0.72875
2018	40	2009	130	0.70375
2018	40	2009	130	0.70375
2018	40	2009	130	0.7725
2018	40	2009	130	0.7725
2018	40	2009	130	0.6575
2018	40	2009	130	0.70375
2018	40	2009	130	0.70375
2018	40	2009	130	0.8225
2018	40	2010	130	0.70375
2018	40	2010	130	0.80375
2018	40	2010	130	0.6575
2018	40	2010	130	0.70375
2018	40	2010	130	0.7725
2018	40	2010	130	0.8225
2018	40	2010	130	0.72625
2018	40	2010	130	0.72625
2018	40	2010	130	0.835
2018	40	2011	131	0.6575
2018	40	2011	131	0.75
2018	40	2011	131	0.73875
2018	40	2011	131	0.7725
2018	40	2011	131	0.6575
2018	40	2011	131	0.85
2018	40	2011	131	0.8225
2018	40	2011	131	0.685
2018	40	2011	131	0.8225
2018	40	2011	131	0.7625
2018	40	2012	135	0.70375
2018	40	2012	135	0.72625
2018	40	2012	135	0.8225
2018	40	2012	135	0.885
2018	40	2012	135	0.785
2018	40	2012	135	0.785
2018	40	2012	135	0.70375
2018	40	2012	135	0.8525
2018	40	2012	135	0.77
2018	40	2012	135	0.8225
2018	40	2013	135	0.785
2018	40	2013	135	0.7725
2018	40	2013	135	0.81625
2018	40	2013	135	0.7725
2018	40	2013	135	0.82
2018	40	2013	135	0.81625
2018	40	2013	135	0.87
2018	40	2013	135	0.8225
2018	40	2013	135	0.8375
2018	40	2013	135	0.72625
2018	40	2014	1042	0.91625
2018	40	2014	1042	0.78625
2018	40	2014	1042	0.91875
2018	40	2014	1042	0.97875
2018	40	2014	1042	0.94875
2018	40	2014	1042	0.95
2018	40	2014	1042	0.98
2018	40	2014	1042	0.92875
2018	40	2014	1042	0.93375
2018	40	2014	1042	0.8675
2018	40	2015	1506	0.9975
2018	40	2015	1506	0.92875
2018	40	2015	1506	0.9475
2018	40	2015	1506	0.92875
2018	40	2015	1506	0.92875
2018	40	2015	1506	0.97875
2018	40	2015	1506	0.9475
2018	40	2015	1506	0.91
2018	40	2015	1506	0.97875
2018	40	2015	1506	0.97875
2018	40	2016	1510	0.97875
2018	40	2016	1510	0.9975
2018	40	2016	1510	0.96
2018	40	2016	1510	0.98125
2018	40	2016	1510	0.92875
2018	40	2016	1510	0.9975
2018	40	2016	1510	0.97875
2018	40	2016	1510	0.9975
2018	40	2016	1510	0.97875
2018	40	2016	1510	0.9975
2018	40	2017	1513	0.9975
2018	40	2017	1513	0.97875
2018	40	2017	1513	0.96625
2018	40	2017	1513	0.9975
2018	40	2017	1513	0.97875
2018	40	2017	1513	0.92875
2018	40	2017	1513	0.96
2018	40	2017	1513	0.9975
2018	40	2017	1513	0.92875
2018	40	2017	1513	0.9975
2018	40	2018	1553	0.9975
2018	40	2018	1553	0.97875
2018	40	2018	1553	0.9975
2018	40	2018	1553	1
2018	40	2018	1553	0.97875
2018	40	2018	1553	0.9975
2018	40	2018	1553	1
2018	40	2018	1553	0.9975
2018	40	2018	1553	0.9975
2018	40	2018	1553	0.9975
2018	40	2019	1553	0.9975
2018	40	2019	1553	0.9975
2018	40	2019	1553	0.97875
2018	40	2019	1553	1
2018	40	2019	1553	0.9975
2018	40	2019	1553	0.9975
2018	40	2019	1553	0.9975
2018	40	2019	1553	0.97875
2018	40	2019	1553	0.97875
2018	40	2019	1553	0.9975
