coverage.against.year	num.seqs.against.year	design.up.to.year	num.seqs.up.to.year	coverage
upto2007	5	2005	5	0.2
upto2007	5	2005	5	0.2
upto2007	5	2005	5	0.2
upto2007	5	2005	5	0.38
upto2007	5	2005	5	0.2
upto2007	5	2005	5	0.39
upto2007	5	2005	5	0.2
upto2007	5	2005	5	0.2
upto2007	5	2005	5	0.4
upto2007	5	2005	5	0.2
upto2007	5	2006	5	0.39
upto2007	5	2006	5	0.2
upto2007	5	2006	5	0.2
upto2007	5	2006	5	0.38
upto2007	5	2006	5	0.2
upto2007	5	2006	5	0.2
upto2007	5	2006	5	0.2
upto2007	5	2006	5	0.2
upto2007	5	2006	5	0.2
upto2007	5	2006	5	0.2
upto2007	5	2007	5	0.4
upto2007	5	2007	5	0.2
upto2007	5	2007	5	0.2
upto2007	5	2007	5	0.2
upto2007	5	2007	5	0.2
upto2007	5	2007	5	0.39
upto2007	5	2007	5	0.4
upto2007	5	2007	5	0.4
upto2007	5	2007	5	0.2
upto2007	5	2007	5	0.2
upto2007	5	2008	16	0.39
upto2007	5	2008	16	0.39
upto2007	5	2008	16	0.39
upto2007	5	2008	16	0.4
upto2007	5	2008	16	0.38
upto2007	5	2008	16	0.19
upto2007	5	2008	16	0.4
upto2007	5	2008	16	0.2
upto2007	5	2008	16	0.19
upto2007	5	2008	16	0.2
upto2007	5	2009	60	0.38
upto2007	5	2009	60	0.02
upto2007	5	2009	60	0.39
upto2007	5	2009	60	0.39
upto2007	5	2009	60	0.2
upto2007	5	2009	60	0.4
upto2007	5	2009	60	0.2
upto2007	5	2009	60	0.21
upto2007	5	2009	60	0.4
upto2007	5	2009	60	0.24
upto2007	5	2010	82	0.2
upto2007	5	2010	82	0.26
upto2007	5	2010	82	0.27
upto2007	5	2010	82	0.07
upto2007	5	2010	82	0.02
upto2007	5	2010	82	0.23
upto2007	5	2010	82	0.2
upto2007	5	2010	82	0.2
upto2007	5	2010	82	0.4
upto2007	5	2010	82	0.2
upto2007	5	2011	126	0.39
upto2007	5	2011	126	0.36
upto2007	5	2011	126	0.12
upto2007	5	2011	126	0.17
upto2007	5	2011	126	0.23
upto2007	5	2011	126	0.24
upto2007	5	2011	126	0.19
upto2007	5	2011	126	0.19
upto2007	5	2011	126	0.3
upto2007	5	2011	126	0.18
upto2007	5	2012	193	0.12
upto2007	5	2012	193	0.25
upto2007	5	2012	193	0.26
upto2007	5	2012	193	0.16
upto2007	5	2012	193	0.4
upto2007	5	2012	193	0.31
upto2007	5	2012	193	0.2
upto2007	5	2012	193	0.17
upto2007	5	2012	193	0.13
upto2007	5	2012	193	0.21
upto2007	5	2013	212	0.16
upto2007	5	2013	212	0.21
upto2007	5	2013	212	0.38
upto2007	5	2013	212	0.27
upto2007	5	2013	212	0.21
upto2007	5	2013	212	0.19
upto2007	5	2013	212	0.16
upto2007	5	2013	212	0.16
upto2007	5	2013	212	0.2
upto2007	5	2013	212	0.25
upto2007	5	2014	218	0.22
upto2007	5	2014	218	0.14
upto2007	5	2014	218	0.18
upto2007	5	2014	218	0.2
upto2007	5	2014	218	0.22
upto2007	5	2014	218	0.11
upto2007	5	2014	218	0.18
upto2007	5	2014	218	0.38
upto2007	5	2014	218	0.26
upto2007	5	2014	218	0.21
upto2007	5	2015	228	0.25
upto2007	5	2015	228	0.2
upto2007	5	2015	228	0.1
upto2007	5	2015	228	0.26
upto2007	5	2015	228	0.17
upto2007	5	2015	228	0.14
upto2007	5	2015	228	0.19
upto2007	5	2015	228	0.22
upto2007	5	2015	228	0.17
upto2007	5	2015	228	0.14
upto2007	5	2016	280	0.16
upto2007	5	2016	280	0.21
upto2007	5	2016	280	0.21
upto2007	5	2016	280	0.19
upto2007	5	2016	280	0.28
upto2007	5	2016	280	0.29
upto2007	5	2016	280	0.17
upto2007	5	2016	280	0.07
upto2007	5	2016	280	0.07
upto2007	5	2016	280	0.32
upto2007	5	2017	280	0.38
upto2007	5	2017	280	0.18
upto2007	5	2017	280	0.08
upto2007	5	2017	280	0.26
upto2007	5	2017	280	0.26
upto2007	5	2017	280	0.2
upto2007	5	2017	280	0.19
upto2007	5	2017	280	0.13
upto2007	5	2017	280	0.16
upto2007	5	2017	280	0.19
upto2007	5	2018	290	0.3
upto2007	5	2018	290	0.21
upto2007	5	2018	290	0.11
upto2007	5	2018	290	0.2
upto2007	5	2018	290	0.27
upto2007	5	2018	290	0.13
upto2007	5	2018	290	0.24
upto2007	5	2018	290	0.22
upto2007	5	2018	290	0.22
upto2007	5	2018	290	0.26
upto2007	5	2019	290	0.22
upto2007	5	2019	290	0.15
upto2007	5	2019	290	0.22
upto2007	5	2019	290	0.36
upto2007	5	2019	290	0.13
upto2007	5	2019	290	0.11
upto2007	5	2019	290	0.1
upto2007	5	2019	290	0.16
upto2007	5	2019	290	0.28
upto2007	5	2019	290	0.33
2008	11	2005	5	0
2008	11	2005	5	0
2008	11	2005	5	0
2008	11	2005	5	0.00909091
2008	11	2005	5	0
2008	11	2005	5	0
2008	11	2005	5	0
2008	11	2005	5	0
2008	11	2005	5	0.00454545
2008	11	2005	5	0
2008	11	2006	5	0.0136364
2008	11	2006	5	0
2008	11	2006	5	0
2008	11	2006	5	0
2008	11	2006	5	0
2008	11	2006	5	0
2008	11	2006	5	0
2008	11	2006	5	0
2008	11	2006	5	0
2008	11	2006	5	0
2008	11	2007	5	0.00454545
2008	11	2007	5	0
2008	11	2007	5	0
2008	11	2007	5	0
2008	11	2007	5	0
2008	11	2007	5	0
2008	11	2007	5	0
2008	11	2007	5	0.00454545
2008	11	2007	5	0
2008	11	2007	5	0
2008	11	2008	16	0.890909
2008	11	2008	16	0.913636
2008	11	2008	16	0.981818
2008	11	2008	16	0.795455
2008	11	2008	16	0.945455
2008	11	2008	16	0.804545
2008	11	2008	16	0.904545
2008	11	2008	16	0.959091
2008	11	2008	16	0.986364
2008	11	2008	16	0.954545
2008	11	2009	60	0.759091
2008	11	2009	60	0.968182
2008	11	2009	60	0.845455
2008	11	2009	60	0.940909
2008	11	2009	60	0.995455
2008	11	2009	60	0.972727
2008	11	2009	60	0.845455
2008	11	2009	60	0.981818
2008	11	2009	60	0.995455
2008	11	2009	60	0.927273
2008	11	2010	82	0.85
2008	11	2010	82	1
2008	11	2010	82	0.963636
2008	11	2010	82	0.818182
2008	11	2010	82	0.986364
2008	11	2010	82	0.85
2008	11	2010	82	0.804545
2008	11	2010	82	0.813636
2008	11	2010	82	0.859091
2008	11	2010	82	0.913636
2008	11	2011	126	0.877273
2008	11	2011	126	0.990909
2008	11	2011	126	0.813636
2008	11	2011	126	0.859091
2008	11	2011	126	0.840909
2008	11	2011	126	0.840909
2008	11	2011	126	0.877273
2008	11	2011	126	0.890909
2008	11	2011	126	0.9
2008	11	2011	126	0.977273
2008	11	2012	193	0.881818
2008	11	2012	193	0.881818
2008	11	2012	193	0.981818
2008	11	2012	193	0.977273
2008	11	2012	193	0.95
2008	11	2012	193	0.913636
2008	11	2012	193	0.831818
2008	11	2012	193	0.931818
2008	11	2012	193	0.963636
2008	11	2012	193	0.981818
2008	11	2013	212	0.827273
2008	11	2013	212	0.922727
2008	11	2013	212	0.918182
2008	11	2013	212	0.890909
2008	11	2013	212	0.890909
2008	11	2013	212	0.940909
2008	11	2013	212	0.918182
2008	11	2013	212	0.804545
2008	11	2013	212	0.859091
2008	11	2013	212	0.936364
2008	11	2014	218	0.859091
2008	11	2014	218	0.845455
2008	11	2014	218	0.922727
2008	11	2014	218	0.913636
2008	11	2014	218	0.986364
2008	11	2014	218	0.9
2008	11	2014	218	0.895455
2008	11	2014	218	0.854545
2008	11	2014	218	0.890909
2008	11	2014	218	0.872727
2008	11	2015	228	0.968182
2008	11	2015	228	0.872727
2008	11	2015	228	0.904545
2008	11	2015	228	0.940909
2008	11	2015	228	0.895455
2008	11	2015	228	0.85
2008	11	2015	228	0.818182
2008	11	2015	228	0.886364
2008	11	2015	228	0.9
2008	11	2015	228	0.977273
2008	11	2016	280	0.922727
2008	11	2016	280	1
2008	11	2016	280	0.959091
2008	11	2016	280	0.890909
2008	11	2016	280	0.936364
2008	11	2016	280	0.936364
2008	11	2016	280	0.890909
2008	11	2016	280	0.945455
2008	11	2016	280	0.913636
2008	11	2016	280	0.927273
2008	11	2017	280	0.922727
2008	11	2017	280	0.918182
2008	11	2017	280	0.972727
2008	11	2017	280	0.977273
2008	11	2017	280	0.959091
2008	11	2017	280	0.981818
2008	11	2017	280	0.940909
2008	11	2017	280	0.963636
2008	11	2017	280	0.940909
2008	11	2017	280	0.936364
2008	11	2018	290	0.936364
2008	11	2018	290	0.981818
2008	11	2018	290	0.995455
2008	11	2018	290	0.968182
2008	11	2018	290	0.981818
2008	11	2018	290	0.954545
2008	11	2018	290	0.977273
2008	11	2018	290	0.95
2008	11	2018	290	0.85
2008	11	2018	290	0.963636
2008	11	2019	290	0.963636
2008	11	2019	290	0.977273
2008	11	2019	290	0.981818
2008	11	2019	290	0.968182
2008	11	2019	290	0.990909
2008	11	2019	290	0.968182
2008	11	2019	290	0.936364
2008	11	2019	290	0.990909
2008	11	2019	290	0.922727
2008	11	2019	290	0.936364
2009	44	2005	5	0
2009	44	2005	5	0
2009	44	2005	5	0
2009	44	2005	5	0.00909091
2009	44	2005	5	0
2009	44	2005	5	0.00454545
2009	44	2005	5	0
2009	44	2005	5	0
2009	44	2005	5	0.00909091
2009	44	2005	5	0
2009	44	2006	5	0.00795455
2009	44	2006	5	0
2009	44	2006	5	0
2009	44	2006	5	0.00568182
2009	44	2006	5	0
2009	44	2006	5	0
2009	44	2006	5	0
2009	44	2006	5	0
2009	44	2006	5	0
2009	44	2006	5	0
2009	44	2007	5	0.00909091
2009	44	2007	5	0
2009	44	2007	5	0
2009	44	2007	5	0
2009	44	2007	5	0
2009	44	2007	5	0.00340909
2009	44	2007	5	0.00681818
2009	44	2007	5	0.00909091
2009	44	2007	5	0
2009	44	2007	5	0
2009	44	2008	16	0.785227
2009	44	2008	16	0.802273
2009	44	2008	16	0.768182
2009	44	2008	16	0.751136
2009	44	2008	16	0.739773
2009	44	2008	16	0.732955
2009	44	2008	16	0.782955
2009	44	2008	16	0.719318
2009	44	2008	16	0.748864
2009	44	2008	16	0.742045
2009	44	2009	60	0.942045
2009	44	2009	60	0.971591
2009	44	2009	60	0.992045
2009	44	2009	60	0.980682
2009	44	2009	60	0.980682
2009	44	2009	60	0.986364
2009	44	2009	60	0.971591
2009	44	2009	60	0.938636
2009	44	2009	60	0.970455
2009	44	2009	60	0.985227
2009	44	2010	82	0.964773
2009	44	2010	82	0.985227
2009	44	2010	82	0.9875
2009	44	2010	82	0.9875
2009	44	2010	82	0.975
2009	44	2010	82	0.990909
2009	44	2010	82	0.959091
2009	44	2010	82	0.993182
2009	44	2010	82	0.953409
2009	44	2010	82	0.973864
2009	44	2011	126	0.979545
2009	44	2011	126	0.968182
2009	44	2011	126	0.980682
2009	44	2011	126	0.989773
2009	44	2011	126	0.9875
2009	44	2011	126	0.981818
2009	44	2011	126	0.990909
2009	44	2011	126	0.993182
2009	44	2011	126	0.994318
2009	44	2011	126	0.975
2009	44	2012	193	0.998864
2009	44	2012	193	0.992045
2009	44	2012	193	0.996591
2009	44	2012	193	0.997727
2009	44	2012	193	0.982955
2009	44	2012	193	0.990909
2009	44	2012	193	0.981818
2009	44	2012	193	0.993182
2009	44	2012	193	0.993182
2009	44	2012	193	0.989773
2009	44	2013	212	0.971591
2009	44	2013	212	0.982955
2009	44	2013	212	0.986364
2009	44	2013	212	0.989773
2009	44	2013	212	0.9875
2009	44	2013	212	0.988636
2009	44	2013	212	0.976136
2009	44	2013	212	0.994318
2009	44	2013	212	0.976136
2009	44	2013	212	0.985227
2009	44	2014	218	0.970455
2009	44	2014	218	0.905682
2009	44	2014	218	0.993182
2009	44	2014	218	0.973864
2009	44	2014	218	0.992045
2009	44	2014	218	0.977273
2009	44	2014	218	0.9875
2009	44	2014	218	0.981818
2009	44	2014	218	0.977273
2009	44	2014	218	0.995455
2009	44	2015	228	0.981818
2009	44	2015	228	0.986364
2009	44	2015	228	0.993182
2009	44	2015	228	0.9875
2009	44	2015	228	0.980682
2009	44	2015	228	0.982955
2009	44	2015	228	0.972727
2009	44	2015	228	0.992045
2009	44	2015	228	0.977273
2009	44	2015	228	0.982955
2009	44	2016	280	0.989773
2009	44	2016	280	0.994318
2009	44	2016	280	0.994318
2009	44	2016	280	0.997727
2009	44	2016	280	0.996591
2009	44	2016	280	0.995455
2009	44	2016	280	0.981818
2009	44	2016	280	0.968182
2009	44	2016	280	0.984091
2009	44	2016	280	0.982955
2009	44	2017	280	0.988636
2009	44	2017	280	0.981818
2009	44	2017	280	0.9875
2009	44	2017	280	0.985227
2009	44	2017	280	1
2009	44	2017	280	0.979545
2009	44	2017	280	0.972727
2009	44	2017	280	0.986364
2009	44	2017	280	0.984091
2009	44	2017	280	0.993182
2009	44	2018	290	0.994318
2009	44	2018	290	0.978409
2009	44	2018	290	0.997727
2009	44	2018	290	0.995455
2009	44	2018	290	0.998864
2009	44	2018	290	0.998864
2009	44	2018	290	0.980682
2009	44	2018	290	0.992045
2009	44	2018	290	0.826136
2009	44	2018	290	0.996591
2009	44	2019	290	0.985227
2009	44	2019	290	0.988636
2009	44	2019	290	0.988636
2009	44	2019	290	0.981818
2009	44	2019	290	0.984091
2009	44	2019	290	0.985227
2009	44	2019	290	0.993182
2009	44	2019	290	0.981818
2009	44	2019	290	1
2009	44	2019	290	0.997727
2010	22	2005	5	0
2010	22	2005	5	0
2010	22	2005	5	0
2010	22	2005	5	0.00909091
2010	22	2005	5	0
2010	22	2005	5	0.00227273
2010	22	2005	5	0
2010	22	2005	5	0
2010	22	2005	5	0.0272727
2010	22	2005	5	0
2010	22	2006	5	0.00681818
2010	22	2006	5	0
2010	22	2006	5	0
2010	22	2006	5	0.00909091
2010	22	2006	5	0
2010	22	2006	5	0
2010	22	2006	5	0
2010	22	2006	5	0
2010	22	2006	5	0
2010	22	2006	5	0
2010	22	2007	5	0.0272727
2010	22	2007	5	0
2010	22	2007	5	0
2010	22	2007	5	0
2010	22	2007	5	0
2010	22	2007	5	0.00454545
2010	22	2007	5	0.00909091
2010	22	2007	5	0.0272727
2010	22	2007	5	0
2010	22	2007	5	0
2010	22	2008	16	0.6
2010	22	2008	16	0.611364
2010	22	2008	16	0.586364
2010	22	2008	16	0.563636
2010	22	2008	16	0.586364
2010	22	2008	16	0.525
2010	22	2008	16	0.6
2010	22	2008	16	0.518182
2010	22	2008	16	0.554545
2010	22	2008	16	0.568182
2010	22	2009	60	0.811364
2010	22	2009	60	0.845455
2010	22	2009	60	0.890909
2010	22	2009	60	0.85
2010	22	2009	60	0.820455
2010	22	2009	60	0.852273
2010	22	2009	60	0.847727
2010	22	2009	60	0.738636
2010	22	2009	60	0.856818
2010	22	2009	60	0.854545
2010	22	2010	82	0.961364
2010	22	2010	82	0.927273
2010	22	2010	82	0.95
2010	22	2010	82	0.970455
2010	22	2010	82	0.988636
2010	22	2010	82	0.970455
2010	22	2010	82	0.979545
2010	22	2010	82	0.995455
2010	22	2010	82	0.947727
2010	22	2010	82	0.927273
2010	22	2011	126	0.938636
2010	22	2011	126	0.952273
2010	22	2011	126	0.975
2010	22	2011	126	0.940909
2010	22	2011	126	0.977273
2010	22	2011	126	0.970455
2010	22	2011	126	0.965909
2010	22	2011	126	0.929545
2010	22	2011	126	0.922727
2010	22	2011	126	0.975
2010	22	2012	193	0.961364
2010	22	2012	193	0.977273
2010	22	2012	193	0.988636
2010	22	2012	193	0.977273
2010	22	2012	193	0.988636
2010	22	2012	193	0.995455
2010	22	2012	193	0.988636
2010	22	2012	193	0.997727
2010	22	2012	193	0.993182
2010	22	2012	193	0.988636
2010	22	2013	212	0.945455
2010	22	2013	212	0.947727
2010	22	2013	212	0.995455
2010	22	2013	212	1
2010	22	2013	212	0.961364
2010	22	2013	212	0.981818
2010	22	2013	212	0.990909
2010	22	2013	212	0.993182
2010	22	2013	212	0.936364
2010	22	2013	212	0.984091
2010	22	2014	218	0.963636
2010	22	2014	218	0.886364
2010	22	2014	218	0.952273
2010	22	2014	218	0.997727
2010	22	2014	218	0.986364
2010	22	2014	218	0.972727
2010	22	2014	218	0.990909
2010	22	2014	218	0.931818
2010	22	2014	218	0.956818
2010	22	2014	218	0.988636
2010	22	2015	228	0.997727
2010	22	2015	228	0.977273
2010	22	2015	228	0.979545
2010	22	2015	228	0.997727
2010	22	2015	228	0.986364
2010	22	2015	228	0.988636
2010	22	2015	228	0.993182
2010	22	2015	228	0.972727
2010	22	2015	228	0.981818
2010	22	2015	228	0.988636
2010	22	2016	280	0.986364
2010	22	2016	280	0.995455
2010	22	2016	280	0.943182
2010	22	2016	280	0.986364
2010	22	2016	280	0.943182
2010	22	2016	280	0.984091
2010	22	2016	280	0.988636
2010	22	2016	280	0.965909
2010	22	2016	280	0.981818
2010	22	2016	280	0.952273
2010	22	2017	280	0.936364
2010	22	2017	280	0.995455
2010	22	2017	280	0.984091
2010	22	2017	280	0.997727
2010	22	2017	280	1
2010	22	2017	280	0.986364
2010	22	2017	280	0.993182
2010	22	2017	280	0.993182
2010	22	2017	280	0.977273
2010	22	2017	280	0.984091
2010	22	2018	290	0.947727
2010	22	2018	290	0.997727
2010	22	2018	290	0.995455
2010	22	2018	290	0.997727
2010	22	2018	290	0.979545
2010	22	2018	290	0.993182
2010	22	2018	290	0.997727
2010	22	2018	290	0.986364
2010	22	2018	290	0.85
2010	22	2018	290	0.959091
2010	22	2019	290	0.993182
2010	22	2019	290	0.997727
2010	22	2019	290	0.990909
2010	22	2019	290	0.968182
2010	22	2019	290	0.984091
2010	22	2019	290	0.972727
2010	22	2019	290	0.997727
2010	22	2019	290	0.988636
2010	22	2019	290	0.977273
2010	22	2019	290	0.986364
2011	44	2005	5	0
2011	44	2005	5	0
2011	44	2005	5	0
2011	44	2005	5	0.00454545
2011	44	2005	5	0
2011	44	2005	5	0
2011	44	2005	5	0
2011	44	2005	5	0
2011	44	2005	5	0.0204545
2011	44	2005	5	0
2011	44	2006	5	0.00454545
2011	44	2006	5	0
2011	44	2006	5	0
2011	44	2006	5	0.0136364
2011	44	2006	5	0
2011	44	2006	5	0
2011	44	2006	5	0
2011	44	2006	5	0
2011	44	2006	5	0
2011	44	2006	5	0
2011	44	2007	5	0.0204545
2011	44	2007	5	0
2011	44	2007	5	0
2011	44	2007	5	0
2011	44	2007	5	0
2011	44	2007	5	0.00568182
2011	44	2007	5	0.00795455
2011	44	2007	5	0.0204545
2011	44	2007	5	0
2011	44	2007	5	0
2011	44	2008	16	0.535227
2011	44	2008	16	0.55
2011	44	2008	16	0.495455
2011	44	2008	16	0.465909
2011	44	2008	16	0.538636
2011	44	2008	16	0.435227
2011	44	2008	16	0.504545
2011	44	2008	16	0.475
2011	44	2008	16	0.488636
2011	44	2008	16	0.453409
2011	44	2009	60	0.789773
2011	44	2009	60	0.803409
2011	44	2009	60	0.879545
2011	44	2009	60	0.876136
2011	44	2009	60	0.786364
2011	44	2009	60	0.859091
2011	44	2009	60	0.789773
2011	44	2009	60	0.727273
2011	44	2009	60	0.870455
2011	44	2009	60	0.842045
2011	44	2010	82	0.848864
2011	44	2010	82	0.882955
2011	44	2010	82	0.872727
2011	44	2010	82	0.851136
2011	44	2010	82	0.892045
2011	44	2010	82	0.875
2011	44	2010	82	0.867045
2011	44	2010	82	0.885227
2011	44	2010	82	0.8875
2011	44	2010	82	0.869318
2011	44	2011	126	0.939773
2011	44	2011	126	0.935227
2011	44	2011	126	0.932955
2011	44	2011	126	0.967045
2011	44	2011	126	0.973864
2011	44	2011	126	0.956818
2011	44	2011	126	0.960227
2011	44	2011	126	0.948864
2011	44	2011	126	0.936364
2011	44	2011	126	0.935227
2011	44	2012	193	0.982955
2011	44	2012	193	0.957955
2011	44	2012	193	0.9625
2011	44	2012	193	0.979545
2011	44	2012	193	0.9625
2011	44	2012	193	0.993182
2011	44	2012	193	0.9875
2011	44	2012	193	0.973864
2011	44	2012	193	0.994318
2011	44	2012	193	0.955682
2011	44	2013	212	0.932955
2011	44	2013	212	0.973864
2011	44	2013	212	0.971591
2011	44	2013	212	0.964773
2011	44	2013	212	0.9625
2011	44	2013	212	0.964773
2011	44	2013	212	0.990909
2011	44	2013	212	0.982955
2011	44	2013	212	0.942045
2011	44	2013	212	0.981818
2011	44	2014	218	0.984091
2011	44	2014	218	0.861364
2011	44	2014	218	0.967045
2011	44	2014	218	0.978409
2011	44	2014	218	0.965909
2011	44	2014	218	0.9625
2011	44	2014	218	0.979545
2011	44	2014	218	0.964773
2011	44	2014	218	0.970455
2011	44	2014	218	0.981818
2011	44	2015	228	0.964773
2011	44	2015	228	0.981818
2011	44	2015	228	0.953409
2011	44	2015	228	0.979545
2011	44	2015	228	0.934091
2011	44	2015	228	0.975
2011	44	2015	228	0.964773
2011	44	2015	228	0.971591
2011	44	2015	228	0.986364
2011	44	2015	228	0.994318
2011	44	2016	280	0.993182
2011	44	2016	280	0.986364
2011	44	2016	280	0.971591
2011	44	2016	280	0.977273
2011	44	2016	280	0.978409
2011	44	2016	280	0.968182
2011	44	2016	280	0.973864
2011	44	2016	280	0.964773
2011	44	2016	280	0.9875
2011	44	2016	280	0.986364
2011	44	2017	280	0.969318
2011	44	2017	280	0.960227
2011	44	2017	280	0.986364
2011	44	2017	280	0.984091
2011	44	2017	280	0.971591
2011	44	2017	280	0.993182
2011	44	2017	280	0.980682
2011	44	2017	280	0.985227
2011	44	2017	280	0.973864
2011	44	2017	280	0.982955
2011	44	2018	290	0.973864
2011	44	2018	290	0.989773
2011	44	2018	290	0.964773
2011	44	2018	290	0.995455
2011	44	2018	290	0.979545
2011	44	2018	290	0.976136
2011	44	2018	290	0.982955
2011	44	2018	290	0.968182
2011	44	2018	290	0.877273
2011	44	2018	290	0.955682
2011	44	2019	290	0.957955
2011	44	2019	290	0.977273
2011	44	2019	290	0.979545
2011	44	2019	290	0.980682
2011	44	2019	290	0.965909
2011	44	2019	290	0.985227
2011	44	2019	290	0.970455
2011	44	2019	290	0.995455
2011	44	2019	290	0.993182
2011	44	2019	290	0.978409
2012	67	2005	5	0
2012	67	2005	5	0
2012	67	2005	5	0
2012	67	2005	5	0.0141791
2012	67	2005	5	0
2012	67	2005	5	0.00447761
2012	67	2005	5	0
2012	67	2005	5	0
2012	67	2005	5	0.0223881
2012	67	2005	5	0
2012	67	2006	5	0.00895522
2012	67	2006	5	0
2012	67	2006	5	0
2012	67	2006	5	0.0179104
2012	67	2006	5	0
2012	67	2006	5	0
2012	67	2006	5	0
2012	67	2006	5	0
2012	67	2006	5	0
2012	67	2006	5	0
2012	67	2007	5	0.0223881
2012	67	2007	5	0
2012	67	2007	5	0
2012	67	2007	5	0
2012	67	2007	5	0
2012	67	2007	5	0.00895522
2012	67	2007	5	0.0141791
2012	67	2007	5	0.0223881
2012	67	2007	5	0
2012	67	2007	5	0
2012	67	2008	16	0.45597
2012	67	2008	16	0.46791
2012	67	2008	16	0.421642
2012	67	2008	16	0.371642
2012	67	2008	16	0.473134
2012	67	2008	16	0.352239
2012	67	2008	16	0.454478
2012	67	2008	16	0.367164
2012	67	2008	16	0.405224
2012	67	2008	16	0.372388
2012	67	2009	60	0.691791
2012	67	2009	60	0.689552
2012	67	2009	60	0.773134
2012	67	2009	60	0.777612
2012	67	2009	60	0.708955
2012	67	2009	60	0.789552
2012	67	2009	60	0.709701
2012	67	2009	60	0.658209
2012	67	2009	60	0.785821
2012	67	2009	60	0.735821
2012	67	2010	82	0.766418
2012	67	2010	82	0.78209
2012	67	2010	82	0.795522
2012	67	2010	82	0.785821
2012	67	2010	82	0.800746
2012	67	2010	82	0.791045
2012	67	2010	82	0.770896
2012	67	2010	82	0.789552
2012	67	2010	82	0.74403
2012	67	2010	82	0.716418
2012	67	2011	126	0.852239
2012	67	2011	126	0.836567
2012	67	2011	126	0.810448
2012	67	2011	126	0.841045
2012	67	2011	126	0.828358
2012	67	2011	126	0.824627
2012	67	2011	126	0.851493
2012	67	2011	126	0.830597
2012	67	2011	126	0.864179
2012	67	2011	126	0.841045
2012	67	2012	193	0.927612
2012	67	2012	193	0.958209
2012	67	2012	193	0.963433
2012	67	2012	193	0.94403
2012	67	2012	193	0.93806
2012	67	2012	193	0.936567
2012	67	2012	193	0.949254
2012	67	2012	193	0.967164
2012	67	2012	193	0.950746
2012	67	2012	193	0.936567
2012	67	2013	212	0.933582
2012	67	2013	212	0.907463
2012	67	2013	212	0.926866
2012	67	2013	212	0.932836
2012	67	2013	212	0.948507
2012	67	2013	212	0.914179
2012	67	2013	212	0.942537
2012	67	2013	212	0.920149
2012	67	2013	212	0.909701
2012	67	2013	212	0.930597
2012	67	2014	218	0.923881
2012	67	2014	218	0.875373
2012	67	2014	218	0.958209
2012	67	2014	218	0.897015
2012	67	2014	218	0.938806
2012	67	2014	218	0.923881
2012	67	2014	218	0.94403
2012	67	2014	218	0.937313
2012	67	2014	218	0.902239
2012	67	2014	218	0.95
2012	67	2015	228	0.95
2012	67	2015	228	0.917164
2012	67	2015	228	0.918657
2012	67	2015	228	0.948507
2012	67	2015	228	0.935075
2012	67	2015	228	0.941045
2012	67	2015	228	0.930597
2012	67	2015	228	0.945522
2012	67	2015	228	0.915672
2012	67	2015	228	0.966418
2012	67	2016	280	0.937313
2012	67	2016	280	0.962687
2012	67	2016	280	0.950746
2012	67	2016	280	0.956716
2012	67	2016	280	0.963433
2012	67	2016	280	0.958955
2012	67	2016	280	0.929104
2012	67	2016	280	0.941045
2012	67	2016	280	0.935821
2012	67	2016	280	0.949254
2012	67	2017	280	0.937313
2012	67	2017	280	0.96194
2012	67	2017	280	0.946269
2012	67	2017	280	0.953731
2012	67	2017	280	0.95
2012	67	2017	280	0.93806
2012	67	2017	280	0.95
2012	67	2017	280	0.943284
2012	67	2017	280	0.948507
2012	67	2017	280	0.965672
2012	67	2018	290	0.956716
2012	67	2018	290	0.941791
2012	67	2018	290	0.936567
2012	67	2018	290	0.957463
2012	67	2018	290	0.946269
2012	67	2018	290	0.942537
2012	67	2018	290	0.962687
2012	67	2018	290	0.941045
2012	67	2018	290	0.89403
2012	67	2018	290	0.945522
2012	67	2019	290	0.935821
2012	67	2019	290	0.965672
2012	67	2019	290	0.96194
2012	67	2019	290	0.939552
2012	67	2019	290	0.943284
2012	67	2019	290	0.979851
2012	67	2019	290	0.960448
2012	67	2019	290	0.964925
2012	67	2019	290	0.950746
2012	67	2019	290	0.965672
2013	19	2005	5	0
2013	19	2005	5	0
2013	19	2005	5	0
2013	19	2005	5	0
2013	19	2005	5	0
2013	19	2005	5	0
2013	19	2005	5	0
2013	19	2005	5	0
2013	19	2005	5	0.0157895
2013	19	2005	5	0
2013	19	2006	5	0
2013	19	2006	5	0
2013	19	2006	5	0
2013	19	2006	5	0.0184211
2013	19	2006	5	0
2013	19	2006	5	0
2013	19	2006	5	0
2013	19	2006	5	0
2013	19	2006	5	0
2013	19	2006	5	0
2013	19	2007	5	0.0157895
2013	19	2007	5	0
2013	19	2007	5	0
2013	19	2007	5	0
2013	19	2007	5	0
2013	19	2007	5	0.0184211
2013	19	2007	5	0.0184211
2013	19	2007	5	0.0157895
2013	19	2007	5	0
2013	19	2007	5	0
2013	19	2008	16	0.160526
2013	19	2008	16	0.128947
2013	19	2008	16	0.0763158
2013	19	2008	16	0.0657895
2013	19	2008	16	0.2
2013	19	2008	16	0.00526316
2013	19	2008	16	0.118421
2013	19	2008	16	0.00263158
2013	19	2008	16	0.0631579
2013	19	2008	16	0.0105263
2013	19	2009	60	0.557895
2013	19	2009	60	0.581579
2013	19	2009	60	0.657895
2013	19	2009	60	0.757895
2013	19	2009	60	0.507895
2013	19	2009	60	0.752632
2013	19	2009	60	0.515789
2013	19	2009	60	0.371053
2013	19	2009	60	0.542105
2013	19	2009	60	0.565789
2013	19	2010	82	0.765789
2013	19	2010	82	0.726316
2013	19	2010	82	0.763158
2013	19	2010	82	0.728947
2013	19	2010	82	0.765789
2013	19	2010	82	0.744737
2013	19	2010	82	0.755263
2013	19	2010	82	0.765789
2013	19	2010	82	0.576316
2013	19	2010	82	0.471053
2013	19	2011	126	0.847368
2013	19	2011	126	0.778947
2013	19	2011	126	0.802632
2013	19	2011	126	0.776316
2013	19	2011	126	0.813158
2013	19	2011	126	0.731579
2013	19	2011	126	0.852632
2013	19	2011	126	0.813158
2013	19	2011	126	0.718421
2013	19	2011	126	0.818421
2013	19	2012	193	0.892105
2013	19	2012	193	0.939474
2013	19	2012	193	0.942105
2013	19	2012	193	0.971053
2013	19	2012	193	0.968421
2013	19	2012	193	0.813158
2013	19	2012	193	0.960526
2013	19	2012	193	0.918421
2013	19	2012	193	0.792105
2013	19	2012	193	0.868421
2013	19	2013	212	0.992105
2013	19	2013	212	0.994737
2013	19	2013	212	0.986842
2013	19	2013	212	0.968421
2013	19	2013	212	0.978947
2013	19	2013	212	0.994737
2013	19	2013	212	0.992105
2013	19	2013	212	0.976316
2013	19	2013	212	0.994737
2013	19	2013	212	0.957895
2013	19	2014	218	0.997368
2013	19	2014	218	0.95
2013	19	2014	218	1
2013	19	2014	218	0.981579
2013	19	2014	218	0.994737
2013	19	2014	218	0.989474
2013	19	2014	218	0.973684
2013	19	2014	218	1
2013	19	2014	218	0.965789
2013	19	2014	218	0.960526
2013	19	2015	228	0.989474
2013	19	2015	228	0.952632
2013	19	2015	228	0.981579
2013	19	2015	228	0.928947
2013	19	2015	228	0.989474
2013	19	2015	228	0.942105
2013	19	2015	228	0.994737
2013	19	2015	228	1
2013	19	2015	228	0.989474
2013	19	2015	228	0.986842
2013	19	2016	280	0.997368
2013	19	2016	280	1
2013	19	2016	280	0.984211
2013	19	2016	280	0.994737
2013	19	2016	280	0.994737
2013	19	2016	280	0.965789
2013	19	2016	280	0.978947
2013	19	2016	280	1
2013	19	2016	280	0.989474
2013	19	2016	280	0.992105
2013	19	2017	280	0.989474
2013	19	2017	280	0.997368
2013	19	2017	280	0.992105
2013	19	2017	280	0.960526
2013	19	2017	280	0.997368
2013	19	2017	280	0.994737
2013	19	2017	280	0.955263
2013	19	2017	280	0.994737
2013	19	2017	280	1
2013	19	2017	280	0.994737
2013	19	2018	290	0.992105
2013	19	2018	290	1
2013	19	2018	290	0.992105
2013	19	2018	290	0.986842
2013	19	2018	290	0.978947
2013	19	2018	290	0.989474
2013	19	2018	290	0.994737
2013	19	2018	290	0.984211
2013	19	2018	290	0.965789
2013	19	2018	290	0.989474
2013	19	2019	290	0.986842
2013	19	2019	290	0.978947
2013	19	2019	290	0.973684
2013	19	2019	290	0.994737
2013	19	2019	290	1
2013	19	2019	290	0.992105
2013	19	2019	290	0.981579
2013	19	2019	290	0.997368
2013	19	2019	290	0.994737
2013	19	2019	290	0.994737
2014	6	2005	5	0
2014	6	2005	5	0
2014	6	2005	5	0
2014	6	2005	5	0
2014	6	2005	5	0
2014	6	2005	5	0
2014	6	2005	5	0
2014	6	2005	5	0
2014	6	2005	5	0.025
2014	6	2005	5	0
2014	6	2006	5	0.00833333
2014	6	2006	5	0
2014	6	2006	5	0
2014	6	2006	5	0.00833333
2014	6	2006	5	0
2014	6	2006	5	0
2014	6	2006	5	0
2014	6	2006	5	0
2014	6	2006	5	0
2014	6	2006	5	0
2014	6	2007	5	0.025
2014	6	2007	5	0
2014	6	2007	5	0
2014	6	2007	5	0
2014	6	2007	5	0
2014	6	2007	5	0
2014	6	2007	5	0
2014	6	2007	5	0.025
2014	6	2007	5	0
2014	6	2007	5	0
2014	6	2008	16	0.125
2014	6	2008	16	0.216667
2014	6	2008	16	0.0166667
2014	6	2008	16	0.05
2014	6	2008	16	0.0916667
2014	6	2008	16	0.00833333
2014	6	2008	16	0.175
2014	6	2008	16	0.025
2014	6	2008	16	0.0583333
2014	6	2008	16	0
2014	6	2009	60	0.25
2014	6	2009	60	0.2
2014	6	2009	60	0.5
2014	6	2009	60	0.366667
2014	6	2009	60	0.35
2014	6	2009	60	0.308333
2014	6	2009	60	0.225
2014	6	2009	60	0.258333
2014	6	2009	60	0.483333
2014	6	2009	60	0.25
2014	6	2010	82	0.291667
2014	6	2010	82	0.525
2014	6	2010	82	0.458333
2014	6	2010	82	0.608333
2014	6	2010	82	0.291667
2014	6	2010	82	0.708333
2014	6	2010	82	0.3
2014	6	2010	82	0.533333
2014	6	2010	82	0.183333
2014	6	2010	82	0.0416667
2014	6	2011	126	0.558333
2014	6	2011	126	0.716667
2014	6	2011	126	0.525
2014	6	2011	126	0.633333
2014	6	2011	126	0.55
2014	6	2011	126	0.5
2014	6	2011	126	0.725
2014	6	2011	126	0.616667
2014	6	2011	126	0.583333
2014	6	2011	126	0.425
2014	6	2012	193	0.575
2014	6	2012	193	0.633333
2014	6	2012	193	0.658333
2014	6	2012	193	0.45
2014	6	2012	193	0.675
2014	6	2012	193	0.575
2014	6	2012	193	0.491667
2014	6	2012	193	0.625
2014	6	2012	193	0.691667
2014	6	2012	193	0.566667
2014	6	2013	212	0.583333
2014	6	2013	212	0.558333
2014	6	2013	212	0.691667
2014	6	2013	212	0.75
2014	6	2013	212	0.433333
2014	6	2013	212	0.7
2014	6	2013	212	0.625
2014	6	2013	212	0.575
2014	6	2013	212	0.525
2014	6	2013	212	0.55
2014	6	2014	218	0.983333
2014	6	2014	218	0.95
2014	6	2014	218	0.8
2014	6	2014	218	0.866667
2014	6	2014	218	0.966667
2014	6	2014	218	0.733333
2014	6	2014	218	0.991667
2014	6	2014	218	0.875
2014	6	2014	218	0.916667
2014	6	2014	218	0.958333
2014	6	2015	228	0.941667
2014	6	2015	228	0.833333
2014	6	2015	228	0.983333
2014	6	2015	228	0.875
2014	6	2015	228	0.975
2014	6	2015	228	0.858333
2014	6	2015	228	0.925
2014	6	2015	228	1
2014	6	2015	228	0.958333
2014	6	2015	228	0.975
2014	6	2016	280	0.941667
2014	6	2016	280	0.85
2014	6	2016	280	0.933333
2014	6	2016	280	0.975
2014	6	2016	280	0.891667
2014	6	2016	280	0.925
2014	6	2016	280	0.866667
2014	6	2016	280	0.941667
2014	6	2016	280	1
2014	6	2016	280	0.866667
2014	6	2017	280	0.925
2014	6	2017	280	0.991667
2014	6	2017	280	0.958333
2014	6	2017	280	0.833333
2014	6	2017	280	0.966667
2014	6	2017	280	0.983333
2014	6	2017	280	0.858333
2014	6	2017	280	0.783333
2014	6	2017	280	0.908333
2014	6	2017	280	0.941667
2014	6	2018	290	0.933333
2014	6	2018	290	0.808333
2014	6	2018	290	0.966667
2014	6	2018	290	0.908333
2014	6	2018	290	1
2014	6	2018	290	0.991667
2014	6	2018	290	0.958333
2014	6	2018	290	0.883333
2014	6	2018	290	0.958333
2014	6	2018	290	0.866667
2014	6	2019	290	0.85
2014	6	2019	290	0.891667
2014	6	2019	290	0.975
2014	6	2019	290	0.958333
2014	6	2019	290	0.941667
2014	6	2019	290	0.958333
2014	6	2019	290	0.958333
2014	6	2019	290	0.941667
2014	6	2019	290	0.916667
2014	6	2019	290	0.958333
2015	10	2005	5	0
2015	10	2005	5	0
2015	10	2005	5	0
2015	10	2005	5	0.01
2015	10	2005	5	0
2015	10	2005	5	0.005
2015	10	2005	5	0
2015	10	2005	5	0
2015	10	2005	5	0
2015	10	2005	5	0
2015	10	2006	5	0.01
2015	10	2006	5	0
2015	10	2006	5	0
2015	10	2006	5	0.005
2015	10	2006	5	0
2015	10	2006	5	0
2015	10	2006	5	0
2015	10	2006	5	0
2015	10	2006	5	0
2015	10	2006	5	0
2015	10	2007	5	0
2015	10	2007	5	0
2015	10	2007	5	0
2015	10	2007	5	0
2015	10	2007	5	0
2015	10	2007	5	0
2015	10	2007	5	0.005
2015	10	2007	5	0
2015	10	2007	5	0
2015	10	2007	5	0
2015	10	2008	16	0.74
2015	10	2008	16	0.785
2015	10	2008	16	0.765
2015	10	2008	16	0.68
2015	10	2008	16	0.73
2015	10	2008	16	0.73
2015	10	2008	16	0.765
2015	10	2008	16	0.715
2015	10	2008	16	0.725
2015	10	2008	16	0.75
2015	10	2009	60	0.795
2015	10	2009	60	0.79
2015	10	2009	60	0.83
2015	10	2009	60	0.8
2015	10	2009	60	0.815
2015	10	2009	60	0.84
2015	10	2009	60	0.78
2015	10	2009	60	0.795
2015	10	2009	60	0.81
2015	10	2009	60	0.81
2015	10	2010	82	0.785
2015	10	2010	82	0.86
2015	10	2010	82	0.825
2015	10	2010	82	0.805
2015	10	2010	82	0.8
2015	10	2010	82	0.785
2015	10	2010	82	0.79
2015	10	2010	82	0.78
2015	10	2010	82	0.75
2015	10	2010	82	0.785
2015	10	2011	126	0.815
2015	10	2011	126	0.84
2015	10	2011	126	0.78
2015	10	2011	126	0.865
2015	10	2011	126	0.84
2015	10	2011	126	0.865
2015	10	2011	126	0.865
2015	10	2011	126	0.865
2015	10	2011	126	0.88
2015	10	2011	126	0.845
2015	10	2012	193	0.895
2015	10	2012	193	0.895
2015	10	2012	193	0.875
2015	10	2012	193	0.865
2015	10	2012	193	0.83
2015	10	2012	193	0.855
2015	10	2012	193	0.84
2015	10	2012	193	0.86
2015	10	2012	193	0.875
2015	10	2012	193	0.87
2015	10	2013	212	0.865
2015	10	2013	212	0.88
2015	10	2013	212	0.87
2015	10	2013	212	0.865
2015	10	2013	212	0.9
2015	10	2013	212	0.895
2015	10	2013	212	0.915
2015	10	2013	212	0.88
2015	10	2013	212	0.885
2015	10	2013	212	0.88
2015	10	2014	218	0.885
2015	10	2014	218	0.7
2015	10	2014	218	0.875
2015	10	2014	218	0.86
2015	10	2014	218	0.84
2015	10	2014	218	0.91
2015	10	2014	218	0.87
2015	10	2014	218	0.92
2015	10	2014	218	0.855
2015	10	2014	218	0.845
2015	10	2015	228	0.92
2015	10	2015	228	0.925
2015	10	2015	228	0.895
2015	10	2015	228	0.93
2015	10	2015	228	0.89
2015	10	2015	228	0.91
2015	10	2015	228	0.9
2015	10	2015	228	0.875
2015	10	2015	228	0.905
2015	10	2015	228	0.92
2015	10	2016	280	0.975
2015	10	2016	280	0.965
2015	10	2016	280	0.985
2015	10	2016	280	0.94
2015	10	2016	280	1
2015	10	2016	280	0.965
2015	10	2016	280	0.97
2015	10	2016	280	0.94
2015	10	2016	280	0.955
2015	10	2016	280	0.97
2015	10	2017	280	0.985
2015	10	2017	280	0.925
2015	10	2017	280	0.98
2015	10	2017	280	0.965
2015	10	2017	280	0.985
2015	10	2017	280	1
2015	10	2017	280	0.95
2015	10	2017	280	0.965
2015	10	2017	280	0.995
2015	10	2017	280	0.985
2015	10	2018	290	0.99
2015	10	2018	290	0.985
2015	10	2018	290	0.99
2015	10	2018	290	0.945
2015	10	2018	290	0.955
2015	10	2018	290	0.925
2015	10	2018	290	0.96
2015	10	2018	290	0.98
2015	10	2018	290	0.745
2015	10	2018	290	0.92
2015	10	2019	290	0.97
2015	10	2019	290	0.995
2015	10	2019	290	0.99
2015	10	2019	290	0.965
2015	10	2019	290	0.98
2015	10	2019	290	0.96
2015	10	2019	290	0.99
2015	10	2019	290	0.965
2015	10	2019	290	1
2015	10	2019	290	0.975
2016	52	2005	5	0
2016	52	2005	5	0
2016	52	2005	5	0
2016	52	2005	5	0.00192308
2016	52	2005	5	0
2016	52	2005	5	0.00288462
2016	52	2005	5	0
2016	52	2005	5	0
2016	52	2005	5	0.00480769
2016	52	2005	5	0
2016	52	2006	5	0.00384615
2016	52	2006	5	0
2016	52	2006	5	0
2016	52	2006	5	0
2016	52	2006	5	0
2016	52	2006	5	0
2016	52	2006	5	0
2016	52	2006	5	0
2016	52	2006	5	0
2016	52	2006	5	0
2016	52	2007	5	0.00480769
2016	52	2007	5	0
2016	52	2007	5	0
2016	52	2007	5	0
2016	52	2007	5	0
2016	52	2007	5	0.00192308
2016	52	2007	5	0
2016	52	2007	5	0.00480769
2016	52	2007	5	0
2016	52	2007	5	0
2016	52	2008	16	0.680769
2016	52	2008	16	0.716346
2016	52	2008	16	0.673077
2016	52	2008	16	0.571154
2016	52	2008	16	0.654808
2016	52	2008	16	0.620192
2016	52	2008	16	0.683654
2016	52	2008	16	0.659615
2016	52	2008	16	0.629808
2016	52	2008	16	0.643269
2016	52	2009	60	0.694231
2016	52	2009	60	0.711538
2016	52	2009	60	0.752885
2016	52	2009	60	0.755769
2016	52	2009	60	0.757692
2016	52	2009	60	0.764423
2016	52	2009	60	0.665385
2016	52	2009	60	0.744231
2016	52	2009	60	0.772115
2016	52	2009	60	0.736538
2016	52	2010	82	0.673077
2016	52	2010	82	0.749038
2016	52	2010	82	0.759615
2016	52	2010	82	0.728846
2016	52	2010	82	0.724038
2016	52	2010	82	0.674038
2016	52	2010	82	0.704808
2016	52	2010	82	0.717308
2016	52	2010	82	0.683654
2016	52	2010	82	0.665385
2016	52	2011	126	0.781731
2016	52	2011	126	0.763462
2016	52	2011	126	0.707692
2016	52	2011	126	0.767308
2016	52	2011	126	0.746154
2016	52	2011	126	0.725
2016	52	2011	126	0.771154
2016	52	2011	126	0.735577
2016	52	2011	126	0.799038
2016	52	2011	126	0.757692
2016	52	2012	193	0.784615
2016	52	2012	193	0.766346
2016	52	2012	193	0.807692
2016	52	2012	193	0.793269
2016	52	2012	193	0.773077
2016	52	2012	193	0.8
2016	52	2012	193	0.723077
2016	52	2012	193	0.821154
2016	52	2012	193	0.816346
2016	52	2012	193	0.805769
2016	52	2013	212	0.768269
2016	52	2013	212	0.753846
2016	52	2013	212	0.775962
2016	52	2013	212	0.784615
2016	52	2013	212	0.758654
2016	52	2013	212	0.749038
2016	52	2013	212	0.781731
2016	52	2013	212	0.751923
2016	52	2013	212	0.782692
2016	52	2013	212	0.771154
2016	52	2014	218	0.781731
2016	52	2014	218	0.661538
2016	52	2014	218	0.768269
2016	52	2014	218	0.779808
2016	52	2014	218	0.8
2016	52	2014	218	0.761538
2016	52	2014	218	0.770192
2016	52	2014	218	0.806731
2016	52	2014	218	0.772115
2016	52	2014	218	0.728846
2016	52	2015	228	0.8
2016	52	2015	228	0.771154
2016	52	2015	228	0.805769
2016	52	2015	228	0.789423
2016	52	2015	228	0.790385
2016	52	2015	228	0.7875
2016	52	2015	228	0.768269
2016	52	2015	228	0.772115
2016	52	2015	228	0.800962
2016	52	2015	228	0.829808
2016	52	2016	280	0.9125
2016	52	2016	280	0.938462
2016	52	2016	280	0.938462
2016	52	2016	280	0.872115
2016	52	2016	280	0.904808
2016	52	2016	280	0.938462
2016	52	2016	280	0.901923
2016	52	2016	280	0.845192
2016	52	2016	280	0.905769
2016	52	2016	280	0.940385
2016	52	2017	280	0.913462
2016	52	2017	280	0.927885
2016	52	2017	280	0.941346
2016	52	2017	280	0.909615
2016	52	2017	280	0.9375
2016	52	2017	280	0.934615
2016	52	2017	280	0.897115
2016	52	2017	280	0.930769
2016	52	2017	280	0.938462
2016	52	2017	280	0.934615
2016	52	2018	290	0.935577
2016	52	2018	290	0.957692
2016	52	2018	290	0.942308
2016	52	2018	290	0.936538
2016	52	2018	290	0.910577
2016	52	2018	290	0.902885
2016	52	2018	290	0.910577
2016	52	2018	290	0.895192
2016	52	2018	290	0.828846
2016	52	2018	290	0.918269
2016	52	2019	290	0.924038
2016	52	2019	290	0.925
2016	52	2019	290	0.929808
2016	52	2019	290	0.944231
2016	52	2019	290	0.933654
2016	52	2019	290	0.924038
2016	52	2019	290	0.945192
2016	52	2019	290	0.940385
2016	52	2019	290	0.946154
2016	52	2019	290	0.951923
2018	10	2005	5	0
2018	10	2005	5	0
2018	10	2005	5	0
2018	10	2005	5	0
2018	10	2005	5	0
2018	10	2005	5	0
2018	10	2005	5	0
2018	10	2005	5	0
2018	10	2005	5	0
2018	10	2005	5	0
2018	10	2006	5	0
2018	10	2006	5	0
2018	10	2006	5	0
2018	10	2006	5	0
2018	10	2006	5	0
2018	10	2006	5	0
2018	10	2006	5	0
2018	10	2006	5	0
2018	10	2006	5	0
2018	10	2006	5	0
2018	10	2007	5	0
2018	10	2007	5	0
2018	10	2007	5	0
2018	10	2007	5	0
2018	10	2007	5	0
2018	10	2007	5	0.005
2018	10	2007	5	0
2018	10	2007	5	0
2018	10	2007	5	0
2018	10	2007	5	0
2018	10	2008	16	0.88
2018	10	2008	16	0.94
2018	10	2008	16	0.91
2018	10	2008	16	0.735
2018	10	2008	16	0.865
2018	10	2008	16	0.875
2018	10	2008	16	0.88
2018	10	2008	16	0.865
2018	10	2008	16	0.855
2018	10	2008	16	0.895
2018	10	2009	60	0.94
2018	10	2009	60	0.925
2018	10	2009	60	0.96
2018	10	2009	60	0.95
2018	10	2009	60	0.955
2018	10	2009	60	0.95
2018	10	2009	60	0.91
2018	10	2009	60	0.955
2018	10	2009	60	0.94
2018	10	2009	60	0.925
2018	10	2010	82	0.94
2018	10	2010	82	0.93
2018	10	2010	82	0.96
2018	10	2010	82	0.945
2018	10	2010	82	0.93
2018	10	2010	82	0.96
2018	10	2010	82	0.905
2018	10	2010	82	0.93
2018	10	2010	82	0.9
2018	10	2010	82	0.94
2018	10	2011	126	0.955
2018	10	2011	126	0.91
2018	10	2011	126	0.96
2018	10	2011	126	0.935
2018	10	2011	126	0.945
2018	10	2011	126	0.915
2018	10	2011	126	0.94
2018	10	2011	126	0.935
2018	10	2011	126	0.96
2018	10	2011	126	0.925
2018	10	2012	193	0.965
2018	10	2012	193	0.93
2018	10	2012	193	0.955
2018	10	2012	193	0.965
2018	10	2012	193	0.955
2018	10	2012	193	0.965
2018	10	2012	193	0.95
2018	10	2012	193	0.965
2018	10	2012	193	0.97
2018	10	2012	193	0.95
2018	10	2013	212	0.92
2018	10	2013	212	0.9
2018	10	2013	212	0.915
2018	10	2013	212	0.95
2018	10	2013	212	0.96
2018	10	2013	212	0.905
2018	10	2013	212	0.965
2018	10	2013	212	0.935
2018	10	2013	212	0.92
2018	10	2013	212	0.945
2018	10	2014	218	0.875
2018	10	2014	218	0.805
2018	10	2014	218	0.955
2018	10	2014	218	0.95
2018	10	2014	218	0.94
2018	10	2014	218	0.935
2018	10	2014	218	0.88
2018	10	2014	218	0.96
2018	10	2014	218	0.92
2018	10	2014	218	0.975
2018	10	2015	228	0.955
2018	10	2015	228	0.865
2018	10	2015	228	0.925
2018	10	2015	228	0.95
2018	10	2015	228	0.93
2018	10	2015	228	0.955
2018	10	2015	228	0.965
2018	10	2015	228	0.98
2018	10	2015	228	0.91
2018	10	2015	228	0.975
2018	10	2016	280	0.955
2018	10	2016	280	0.97
2018	10	2016	280	0.985
2018	10	2016	280	0.97
2018	10	2016	280	0.915
2018	10	2016	280	0.98
2018	10	2016	280	0.95
2018	10	2016	280	0.875
2018	10	2016	280	0.955
2018	10	2016	280	0.96
2018	10	2017	280	0.965
2018	10	2017	280	0.955
2018	10	2017	280	0.97
2018	10	2017	280	0.98
2018	10	2017	280	0.965
2018	10	2017	280	0.96
2018	10	2017	280	0.96
2018	10	2017	280	0.985
2018	10	2017	280	0.945
2018	10	2017	280	0.93
2018	10	2018	290	0.97
2018	10	2018	290	0.98
2018	10	2018	290	0.99
2018	10	2018	290	0.98
2018	10	2018	290	1
2018	10	2018	290	0.975
2018	10	2018	290	0.995
2018	10	2018	290	0.97
2018	10	2018	290	0.785
2018	10	2018	290	0.98
2018	10	2019	290	0.99
2018	10	2019	290	0.985
2018	10	2019	290	0.995
2018	10	2019	290	0.97
2018	10	2019	290	0.985
2018	10	2019	290	0.925
2018	10	2019	290	0.98
2018	10	2019	290	0.96
2018	10	2019	290	0.965
2018	10	2019	290	0.98
