coverage.against.year	num.seqs.against.year	design.up.to.year	num.seqs.up.to.year	coverage
upto2004	346	2005	416	0.968353
upto2004	346	2005	416	0.96922
upto2004	346	2005	416	0.974133
upto2004	346	2005	416	0.968208
upto2004	346	2005	416	0.975
upto2004	346	2005	416	0.969075
upto2004	346	2005	416	0.962139
upto2004	346	2005	416	0.978468
upto2004	346	2005	416	0.979335
upto2004	346	2005	416	0.974855
upto2004	346	2006	519	0.970087
upto2004	346	2006	519	0.972977
upto2004	346	2006	519	0.974422
upto2004	346	2006	519	0.967197
upto2004	346	2006	519	0.978757
upto2004	346	2006	519	0.967919
upto2004	346	2006	519	0.973699
upto2004	346	2006	519	0.971098
upto2004	346	2006	519	0.978324
upto2004	346	2006	519	0.969075
upto2004	346	2007	550	0.975145
upto2004	346	2007	550	0.966474
upto2004	346	2007	550	0.96315
upto2004	346	2007	550	0.966908
upto2004	346	2007	550	0.971965
upto2004	346	2007	550	0.974711
upto2004	346	2007	550	0.972254
upto2004	346	2007	550	0.972832
upto2004	346	2007	550	0.980058
upto2004	346	2007	550	0.978468
upto2004	346	2008	569	0.970954
upto2004	346	2008	569	0.97789
upto2004	346	2008	569	0.979769
upto2004	346	2008	569	0.979335
upto2004	346	2008	569	0.97948
upto2004	346	2008	569	0.973699
upto2004	346	2008	569	0.980491
upto2004	346	2008	569	0.978757
upto2004	346	2008	569	0.978757
upto2004	346	2008	569	0.981792
upto2004	346	2009	580	0.984104
upto2004	346	2009	580	0.982803
upto2004	346	2009	580	0.983092
upto2004	346	2009	580	0.984538
upto2004	346	2009	580	0.982225
upto2004	346	2009	580	0.983671
upto2004	346	2009	580	0.979624
upto2004	346	2009	580	0.982514
upto2004	346	2009	580	0.977312
upto2004	346	2009	580	0.976156
upto2004	346	2010	609	0.97948
upto2004	346	2010	609	0.980202
upto2004	346	2010	609	0.982514
upto2004	346	2010	609	0.984827
upto2004	346	2010	609	0.98396
upto2004	346	2010	609	0.97789
upto2004	346	2010	609	0.980491
upto2004	346	2010	609	0.985694
upto2004	346	2010	609	0.979191
upto2004	346	2010	609	0.982659
upto2004	346	2011	680	0.985116
upto2004	346	2011	680	0.983526
upto2004	346	2011	680	0.98685
upto2004	346	2011	680	0.986561
upto2004	346	2011	680	0.986416
upto2004	346	2011	680	0.984249
upto2004	346	2011	680	0.979335
upto2004	346	2011	680	0.987139
upto2004	346	2011	680	0.987139
upto2004	346	2011	680	0.984393
upto2004	346	2012	715	0.983815
upto2004	346	2012	715	0.986994
upto2004	346	2012	715	0.986272
upto2004	346	2012	715	0.985694
upto2004	346	2012	715	0.983526
upto2004	346	2012	715	0.985838
upto2004	346	2012	715	0.983092
upto2004	346	2012	715	0.981214
upto2004	346	2012	715	0.979624
upto2004	346	2012	715	0.983237
upto2004	346	2013	888	0.989306
upto2004	346	2013	888	0.986272
upto2004	346	2013	888	0.986561
upto2004	346	2013	888	0.986994
upto2004	346	2013	888	0.986416
upto2004	346	2013	888	0.98815
upto2004	346	2013	888	0.986561
upto2004	346	2013	888	0.989162
upto2004	346	2013	888	0.987283
upto2004	346	2013	888	0.986561
upto2004	346	2014	1304	0.983526
upto2004	346	2014	1304	0.989595
upto2004	346	2014	1304	0.984249
upto2004	346	2014	1304	0.976734
upto2004	346	2014	1304	0.987428
upto2004	346	2014	1304	0.985549
upto2004	346	2014	1304	0.980347
upto2004	346	2014	1304	0.975145
upto2004	346	2014	1304	0.986416
upto2004	346	2014	1304	0.977168
upto2004	346	2015	1307	0.984971
upto2004	346	2015	1307	0.979624
upto2004	346	2015	1307	0.985983
upto2004	346	2015	1307	0.982225
upto2004	346	2015	1307	0.98685
upto2004	346	2015	1307	0.985838
upto2004	346	2015	1307	0.988295
upto2004	346	2015	1307	0.977312
upto2004	346	2015	1307	0.971387
upto2004	346	2015	1307	0.980347
upto2004	346	2016	1307	0.97659
upto2004	346	2016	1307	0.97948
upto2004	346	2016	1307	0.981503
upto2004	346	2016	1307	0.984104
upto2004	346	2016	1307	0.978179
upto2004	346	2016	1307	0.989884
upto2004	346	2016	1307	0.971532
upto2004	346	2016	1307	0.982659
upto2004	346	2016	1307	0.98396
upto2004	346	2016	1307	0.982514
upto2004	346	2017	1309	0.980202
upto2004	346	2017	1309	0.990462
upto2004	346	2017	1309	0.981647
upto2004	346	2017	1309	0.988873
upto2004	346	2017	1309	0.978902
upto2004	346	2017	1309	0.987139
upto2004	346	2017	1309	0.980925
upto2004	346	2017	1309	0.982225
upto2004	346	2017	1309	0.974422
upto2004	346	2017	1309	0.990318
upto2004	346	2018	1310	0.985549
upto2004	346	2018	1310	0.977457
upto2004	346	2018	1310	0.981503
upto2004	346	2018	1310	0.991185
upto2004	346	2018	1310	0.983382
upto2004	346	2018	1310	0.986272
upto2004	346	2018	1310	0.979769
upto2004	346	2018	1310	0.98974
upto2004	346	2018	1310	0.977312
upto2004	346	2018	1310	0.983671
upto2004	346	2019	1310	0.984971
upto2004	346	2019	1310	0.985694
upto2004	346	2019	1310	0.981503
upto2004	346	2019	1310	0.981358
upto2004	346	2019	1310	0.979913
upto2004	346	2019	1310	0.980925
upto2004	346	2019	1310	0.986272
upto2004	346	2019	1310	0.98078
upto2004	346	2019	1310	0.982659
upto2004	346	2019	1310	0.985694
2005	70	2005	416	0.978571
2005	70	2005	416	0.977143
2005	70	2005	416	0.980714
2005	70	2005	416	0.960714
2005	70	2005	416	0.985
2005	70	2005	416	0.985
2005	70	2005	416	0.97
2005	70	2005	416	0.975
2005	70	2005	416	0.981429
2005	70	2005	416	0.977143
2005	70	2006	519	0.982143
2005	70	2006	519	0.977143
2005	70	2006	519	0.983571
2005	70	2006	519	0.975
2005	70	2006	519	0.99
2005	70	2006	519	0.974286
2005	70	2006	519	0.984286
2005	70	2006	519	0.972143
2005	70	2006	519	0.979286
2005	70	2006	519	0.973571
2005	70	2007	550	0.986429
2005	70	2007	550	0.978571
2005	70	2007	550	0.978571
2005	70	2007	550	0.978571
2005	70	2007	550	0.979286
2005	70	2007	550	0.984286
2005	70	2007	550	0.979286
2005	70	2007	550	0.978571
2005	70	2007	550	0.979286
2005	70	2007	550	0.980714
2005	70	2008	569	0.981429
2005	70	2008	569	0.979286
2005	70	2008	569	0.987857
2005	70	2008	569	0.975714
2005	70	2008	569	0.976429
2005	70	2008	569	0.980714
2005	70	2008	569	0.979286
2005	70	2008	569	0.977857
2005	70	2008	569	0.978571
2005	70	2008	569	0.977857
2005	70	2009	580	0.984286
2005	70	2009	580	0.982857
2005	70	2009	580	0.982857
2005	70	2009	580	0.986429
2005	70	2009	580	0.985
2005	70	2009	580	0.974286
2005	70	2009	580	0.980714
2005	70	2009	580	0.987857
2005	70	2009	580	0.987143
2005	70	2009	580	0.976429
2005	70	2010	609	0.985
2005	70	2010	609	0.982143
2005	70	2010	609	0.981429
2005	70	2010	609	0.985
2005	70	2010	609	0.982857
2005	70	2010	609	0.982143
2005	70	2010	609	0.975714
2005	70	2010	609	0.987857
2005	70	2010	609	0.988571
2005	70	2010	609	0.98
2005	70	2011	680	0.993571
2005	70	2011	680	0.983571
2005	70	2011	680	0.990714
2005	70	2011	680	0.990714
2005	70	2011	680	0.992143
2005	70	2011	680	0.98
2005	70	2011	680	0.989286
2005	70	2011	680	0.985714
2005	70	2011	680	0.985714
2005	70	2011	680	0.990714
2005	70	2012	715	0.985
2005	70	2012	715	0.992143
2005	70	2012	715	0.987857
2005	70	2012	715	0.984286
2005	70	2012	715	0.988571
2005	70	2012	715	0.985714
2005	70	2012	715	0.984286
2005	70	2012	715	0.992143
2005	70	2012	715	0.982143
2005	70	2012	715	0.991429
2005	70	2013	888	0.992857
2005	70	2013	888	0.992857
2005	70	2013	888	0.988571
2005	70	2013	888	0.989286
2005	70	2013	888	0.988571
2005	70	2013	888	0.984286
2005	70	2013	888	0.99
2005	70	2013	888	0.984286
2005	70	2013	888	0.987143
2005	70	2013	888	0.987857
2005	70	2014	1304	0.982143
2005	70	2014	1304	0.987857
2005	70	2014	1304	0.985
2005	70	2014	1304	0.969286
2005	70	2014	1304	0.99
2005	70	2014	1304	0.989286
2005	70	2014	1304	0.982857
2005	70	2014	1304	0.985714
2005	70	2014	1304	0.990714
2005	70	2014	1304	0.984286
2005	70	2015	1307	0.977143
2005	70	2015	1307	0.983571
2005	70	2015	1307	0.993571
2005	70	2015	1307	0.979286
2005	70	2015	1307	0.977857
2005	70	2015	1307	0.991429
2005	70	2015	1307	0.985714
2005	70	2015	1307	0.972143
2005	70	2015	1307	0.976429
2005	70	2015	1307	0.967143
2005	70	2016	1307	0.979286
2005	70	2016	1307	0.99
2005	70	2016	1307	0.987857
2005	70	2016	1307	0.99
2005	70	2016	1307	0.971429
2005	70	2016	1307	0.993571
2005	70	2016	1307	0.989286
2005	70	2016	1307	0.983571
2005	70	2016	1307	0.982857
2005	70	2016	1307	0.990714
2005	70	2017	1309	0.972143
2005	70	2017	1309	0.986429
2005	70	2017	1309	0.981429
2005	70	2017	1309	0.982857
2005	70	2017	1309	0.979286
2005	70	2017	1309	0.972143
2005	70	2017	1309	0.991429
2005	70	2017	1309	0.982143
2005	70	2017	1309	0.987143
2005	70	2017	1309	0.989286
2005	70	2018	1310	0.981429
2005	70	2018	1310	0.986429
2005	70	2018	1310	0.982143
2005	70	2018	1310	0.989286
2005	70	2018	1310	0.984286
2005	70	2018	1310	0.989286
2005	70	2018	1310	0.97
2005	70	2018	1310	0.991429
2005	70	2018	1310	0.977143
2005	70	2018	1310	0.982143
2005	70	2019	1310	0.977857
2005	70	2019	1310	0.972143
2005	70	2019	1310	0.975714
2005	70	2019	1310	0.982857
2005	70	2019	1310	0.988571
2005	70	2019	1310	0.993571
2005	70	2019	1310	0.980714
2005	70	2019	1310	0.982143
2005	70	2019	1310	0.977143
2005	70	2019	1310	0.995714
2006	103	2005	416	0.923786
2006	103	2005	416	0.92233
2006	103	2005	416	0.935437
2006	103	2005	416	0.920388
2006	103	2005	416	0.929126
2006	103	2005	416	0.934466
2006	103	2005	416	0.921359
2006	103	2005	416	0.92767
2006	103	2005	416	0.940291
2006	103	2005	416	0.92233
2006	103	2006	519	0.97233
2006	103	2006	519	0.989806
2006	103	2006	519	0.993689
2006	103	2006	519	0.949029
2006	103	2006	519	0.975728
2006	103	2006	519	0.98835
2006	103	2006	519	0.992718
2006	103	2006	519	0.995631
2006	103	2006	519	0.976214
2006	103	2006	519	0.988835
2006	103	2007	550	0.99466
2006	103	2007	550	0.98835
2006	103	2007	550	0.977184
2006	103	2007	550	0.986893
2006	103	2007	550	0.995146
2006	103	2007	550	0.994175
2006	103	2007	550	0.990777
2006	103	2007	550	0.993204
2006	103	2007	550	0.993204
2006	103	2007	550	0.994175
2006	103	2008	569	0.988835
2006	103	2008	569	0.998544
2006	103	2008	569	0.969903
2006	103	2008	569	0.997573
2006	103	2008	569	0.997087
2006	103	2008	569	0.98835
2006	103	2008	569	0.996602
2006	103	2008	569	0.996602
2006	103	2008	569	0.999029
2006	103	2008	569	0.994175
2006	103	2009	580	0.997573
2006	103	2009	580	0.995631
2006	103	2009	580	0.98932
2006	103	2009	580	0.98301
2006	103	2009	580	0.998058
2006	103	2009	580	0.993204
2006	103	2009	580	0.98932
2006	103	2009	580	0.995146
2006	103	2009	580	0.992718
2006	103	2009	580	0.994175
2006	103	2010	609	0.991748
2006	103	2010	609	0.995146
2006	103	2010	609	0.993204
2006	103	2010	609	0.997087
2006	103	2010	609	0.987379
2006	103	2010	609	0.994175
2006	103	2010	609	0.997573
2006	103	2010	609	0.996602
2006	103	2010	609	0.997573
2006	103	2010	609	0.995631
2006	103	2011	680	0.991262
2006	103	2011	680	0.99466
2006	103	2011	680	0.996117
2006	103	2011	680	0.990777
2006	103	2011	680	0.999029
2006	103	2011	680	0.993204
2006	103	2011	680	0.978641
2006	103	2011	680	0.995146
2006	103	2011	680	0.99466
2006	103	2011	680	0.992233
2006	103	2012	715	0.997573
2006	103	2012	715	0.993204
2006	103	2012	715	0.995631
2006	103	2012	715	0.995146
2006	103	2012	715	0.983495
2006	103	2012	715	0.987864
2006	103	2012	715	0.996602
2006	103	2012	715	0.996117
2006	103	2012	715	0.992233
2006	103	2012	715	0.990291
2006	103	2013	888	0.991748
2006	103	2013	888	0.995631
2006	103	2013	888	0.999515
2006	103	2013	888	0.990291
2006	103	2013	888	0.993204
2006	103	2013	888	0.992718
2006	103	2013	888	0.98835
2006	103	2013	888	0.984466
2006	103	2013	888	0.995146
2006	103	2013	888	0.996602
2006	103	2014	1304	0.985437
2006	103	2014	1304	0.993689
2006	103	2014	1304	0.978641
2006	103	2014	1304	0.968447
2006	103	2014	1304	0.998544
2006	103	2014	1304	0.990291
2006	103	2014	1304	0.982524
2006	103	2014	1304	0.953398
2006	103	2014	1304	0.985437
2006	103	2014	1304	0.990777
2006	103	2015	1307	0.962136
2006	103	2015	1307	0.991262
2006	103	2015	1307	0.989806
2006	103	2015	1307	0.967476
2006	103	2015	1307	0.993204
2006	103	2015	1307	0.985437
2006	103	2015	1307	0.997087
2006	103	2015	1307	0.964078
2006	103	2015	1307	0.958738
2006	103	2015	1307	0.977184
2006	103	2016	1307	0.970388
2006	103	2016	1307	0.955825
2006	103	2016	1307	0.973301
2006	103	2016	1307	0.967961
2006	103	2016	1307	0.986408
2006	103	2016	1307	0.974757
2006	103	2016	1307	0.95534
2006	103	2016	1307	0.980097
2006	103	2016	1307	0.980583
2006	103	2016	1307	0.979126
2006	103	2017	1309	0.97767
2006	103	2017	1309	0.992233
2006	103	2017	1309	0.976214
2006	103	2017	1309	0.982039
2006	103	2017	1309	0.966019
2006	103	2017	1309	0.996602
2006	103	2017	1309	0.973786
2006	103	2017	1309	0.985437
2006	103	2017	1309	0.953398
2006	103	2017	1309	0.999515
2006	103	2018	1310	0.965049
2006	103	2018	1310	0.963592
2006	103	2018	1310	0.988835
2006	103	2018	1310	0.997087
2006	103	2018	1310	0.985437
2006	103	2018	1310	0.995146
2006	103	2018	1310	0.963107
2006	103	2018	1310	0.991748
2006	103	2018	1310	0.954369
2006	103	2018	1310	0.982039
2006	103	2019	1310	0.98835
2006	103	2019	1310	0.987864
2006	103	2019	1310	0.969903
2006	103	2019	1310	0.962621
2006	103	2019	1310	0.970388
2006	103	2019	1310	0.965534
2006	103	2019	1310	0.966019
2006	103	2019	1310	0.983495
2006	103	2019	1310	0.995631
2006	103	2019	1310	0.997573
2007	31	2005	416	0.874194
2007	31	2005	416	0.887097
2007	31	2005	416	0.883871
2007	31	2005	416	0.895161
2007	31	2005	416	0.879032
2007	31	2005	416	0.88871
2007	31	2005	416	0.882258
2007	31	2005	416	0.903226
2007	31	2005	416	0.903226
2007	31	2005	416	0.896774
2007	31	2006	519	0.916129
2007	31	2006	519	0.954839
2007	31	2006	519	0.979032
2007	31	2006	519	0.890323
2007	31	2006	519	0.925806
2007	31	2006	519	0.930645
2007	31	2006	519	0.959677
2007	31	2006	519	0.954839
2007	31	2006	519	0.919355
2007	31	2006	519	0.937097
2007	31	2007	550	0.970968
2007	31	2007	550	0.977419
2007	31	2007	550	0.953226
2007	31	2007	550	0.964516
2007	31	2007	550	0.975806
2007	31	2007	550	0.969355
2007	31	2007	550	0.985484
2007	31	2007	550	0.987097
2007	31	2007	550	0.983871
2007	31	2007	550	0.98871
2007	31	2008	569	0.95
2007	31	2008	569	0.995161
2007	31	2008	569	0.967742
2007	31	2008	569	0.983871
2007	31	2008	569	0.995161
2007	31	2008	569	0.940323
2007	31	2008	569	0.996774
2007	31	2008	569	0.993548
2007	31	2008	569	0.983871
2007	31	2008	569	0.982258
2007	31	2009	580	0.993548
2007	31	2009	580	0.977419
2007	31	2009	580	0.983871
2007	31	2009	580	0.962903
2007	31	2009	580	1
2007	31	2009	580	0.995161
2007	31	2009	580	0.974194
2007	31	2009	580	0.991935
2007	31	2009	580	0.982258
2007	31	2009	580	0.98871
2007	31	2010	609	0.966129
2007	31	2010	609	0.975806
2007	31	2010	609	0.985484
2007	31	2010	609	0.983871
2007	31	2010	609	0.980645
2007	31	2010	609	0.98871
2007	31	2010	609	0.974194
2007	31	2010	609	0.987097
2007	31	2010	609	0.972581
2007	31	2010	609	0.990323
2007	31	2011	680	0.977419
2007	31	2011	680	0.996774
2007	31	2011	680	0.991935
2007	31	2011	680	0.993548
2007	31	2011	680	0.985484
2007	31	2011	680	0.95
2007	31	2011	680	0.96129
2007	31	2011	680	0.996774
2007	31	2011	680	0.991935
2007	31	2011	680	0.996774
2007	31	2012	715	0.990323
2007	31	2012	715	0.987097
2007	31	2012	715	1
2007	31	2012	715	0.993548
2007	31	2012	715	0.943548
2007	31	2012	715	0.996774
2007	31	2012	715	0.987097
2007	31	2012	715	0.996774
2007	31	2012	715	0.982258
2007	31	2012	715	0.98871
2007	31	2013	888	0.987097
2007	31	2013	888	0.998387
2007	31	2013	888	0.995161
2007	31	2013	888	0.991935
2007	31	2013	888	0.996774
2007	31	2013	888	0.998387
2007	31	2013	888	0.993548
2007	31	2013	888	0.996774
2007	31	2013	888	0.998387
2007	31	2013	888	0.998387
2007	31	2014	1304	0.967742
2007	31	2014	1304	0.995161
2007	31	2014	1304	0.964516
2007	31	2014	1304	0.970968
2007	31	2014	1304	0.993548
2007	31	2014	1304	0.974194
2007	31	2014	1304	0.970968
2007	31	2014	1304	0.96129
2007	31	2014	1304	0.972581
2007	31	2014	1304	0.975806
2007	31	2015	1307	0.996774
2007	31	2015	1307	0.966129
2007	31	2015	1307	0.980645
2007	31	2015	1307	0.990323
2007	31	2015	1307	1
2007	31	2015	1307	0.991935
2007	31	2015	1307	0.98871
2007	31	2015	1307	0.953226
2007	31	2015	1307	0.990323
2007	31	2015	1307	0.956452
2007	31	2016	1307	0.91129
2007	31	2016	1307	0.91129
2007	31	2016	1307	0.95
2007	31	2016	1307	0.972581
2007	31	2016	1307	0.958065
2007	31	2016	1307	0.96129
2007	31	2016	1307	0.982258
2007	31	2016	1307	0.98871
2007	31	2016	1307	0.974194
2007	31	2016	1307	0.983871
2007	31	2017	1309	0.993548
2007	31	2017	1309	0.995161
2007	31	2017	1309	0.966129
2007	31	2017	1309	0.980645
2007	31	2017	1309	0.982258
2007	31	2017	1309	0.998387
2007	31	2017	1309	0.948387
2007	31	2017	1309	0.990323
2007	31	2017	1309	0.975806
2007	31	2017	1309	1
2007	31	2018	1310	0.964516
2007	31	2018	1310	0.96129
2007	31	2018	1310	0.987097
2007	31	2018	1310	0.998387
2007	31	2018	1310	0.995161
2007	31	2018	1310	0.996774
2007	31	2018	1310	0.996774
2007	31	2018	1310	0.993548
2007	31	2018	1310	0.980645
2007	31	2018	1310	0.962903
2007	31	2019	1310	0.974194
2007	31	2019	1310	0.979032
2007	31	2019	1310	0.982258
2007	31	2019	1310	0.996774
2007	31	2019	1310	0.996774
2007	31	2019	1310	0.962903
2007	31	2019	1310	0.962903
2007	31	2019	1310	0.983871
2007	31	2019	1310	0.975806
2007	31	2019	1310	0.975806
2008	19	2005	416	0.721053
2008	19	2005	416	0.747368
2008	19	2005	416	0.713158
2008	19	2005	416	0.665789
2008	19	2005	416	0.763158
2008	19	2005	416	0.676316
2008	19	2005	416	0.602632
2008	19	2005	416	0.784211
2008	19	2005	416	0.8
2008	19	2005	416	0.697368
2008	19	2006	519	0.681579
2008	19	2006	519	0.676316
2008	19	2006	519	0.752632
2008	19	2006	519	0.673684
2008	19	2006	519	0.713158
2008	19	2006	519	0.65
2008	19	2006	519	0.726316
2008	19	2006	519	0.702632
2008	19	2006	519	0.742105
2008	19	2006	519	0.636842
2008	19	2007	550	0.734211
2008	19	2007	550	0.681579
2008	19	2007	550	0.694737
2008	19	2007	550	0.673684
2008	19	2007	550	0.671053
2008	19	2007	550	0.736842
2008	19	2007	550	0.752632
2008	19	2007	550	0.7
2008	19	2007	550	0.784211
2008	19	2007	550	0.728947
2008	19	2008	569	0.8
2008	19	2008	569	0.892105
2008	19	2008	569	0.810526
2008	19	2008	569	0.85
2008	19	2008	569	0.868421
2008	19	2008	569	0.784211
2008	19	2008	569	0.842105
2008	19	2008	569	0.855263
2008	19	2008	569	0.789474
2008	19	2008	569	0.921053
2008	19	2009	580	0.9
2008	19	2009	580	0.873684
2008	19	2009	580	0.878947
2008	19	2009	580	0.960526
2008	19	2009	580	0.747368
2008	19	2009	580	0.889474
2008	19	2009	580	0.9
2008	19	2009	580	0.873684
2008	19	2009	580	0.818421
2008	19	2009	580	0.886842
2008	19	2010	609	0.897368
2008	19	2010	609	0.860526
2008	19	2010	609	0.871053
2008	19	2010	609	0.928947
2008	19	2010	609	0.910526
2008	19	2010	609	0.921053
2008	19	2010	609	0.865789
2008	19	2010	609	0.942105
2008	19	2010	609	0.839474
2008	19	2010	609	0.939474
2008	19	2011	680	0.942105
2008	19	2011	680	0.936842
2008	19	2011	680	0.957895
2008	19	2011	680	0.915789
2008	19	2011	680	0.95
2008	19	2011	680	0.934211
2008	19	2011	680	0.971053
2008	19	2011	680	0.957895
2008	19	2011	680	0.947368
2008	19	2011	680	0.942105
2008	19	2012	715	0.952632
2008	19	2012	715	0.931579
2008	19	2012	715	0.947368
2008	19	2012	715	0.934211
2008	19	2012	715	0.960526
2008	19	2012	715	0.928947
2008	19	2012	715	0.936842
2008	19	2012	715	0.968421
2008	19	2012	715	0.915789
2008	19	2012	715	0.928947
2008	19	2013	888	0.944737
2008	19	2013	888	0.971053
2008	19	2013	888	0.939474
2008	19	2013	888	0.963158
2008	19	2013	888	0.918421
2008	19	2013	888	0.978947
2008	19	2013	888	0.95
2008	19	2013	888	0.934211
2008	19	2013	888	0.965789
2008	19	2013	888	0.939474
2008	19	2014	1304	0.952632
2008	19	2014	1304	0.936842
2008	19	2014	1304	0.884211
2008	19	2014	1304	0.902632
2008	19	2014	1304	0.907895
2008	19	2014	1304	0.921053
2008	19	2014	1304	0.907895
2008	19	2014	1304	0.926316
2008	19	2014	1304	0.944737
2008	19	2014	1304	0.902632
2008	19	2015	1307	0.913158
2008	19	2015	1307	0.892105
2008	19	2015	1307	0.907895
2008	19	2015	1307	0.873684
2008	19	2015	1307	0.947368
2008	19	2015	1307	0.939474
2008	19	2015	1307	0.957895
2008	19	2015	1307	0.821053
2008	19	2015	1307	0.860526
2008	19	2015	1307	0.894737
2008	19	2016	1307	0.897368
2008	19	2016	1307	0.876316
2008	19	2016	1307	0.897368
2008	19	2016	1307	0.947368
2008	19	2016	1307	0.873684
2008	19	2016	1307	0.939474
2008	19	2016	1307	0.857895
2008	19	2016	1307	0.939474
2008	19	2016	1307	0.894737
2008	19	2016	1307	0.913158
2008	19	2017	1309	0.897368
2008	19	2017	1309	0.973684
2008	19	2017	1309	0.855263
2008	19	2017	1309	0.918421
2008	19	2017	1309	0.915789
2008	19	2017	1309	0.955263
2008	19	2017	1309	0.910526
2008	19	2017	1309	0.884211
2008	19	2017	1309	0.855263
2008	19	2017	1309	0.931579
2008	19	2018	1310	0.918421
2008	19	2018	1310	0.923684
2008	19	2018	1310	0.884211
2008	19	2018	1310	0.978947
2008	19	2018	1310	0.905263
2008	19	2018	1310	0.939474
2008	19	2018	1310	0.881579
2008	19	2018	1310	0.965789
2008	19	2018	1310	0.915789
2008	19	2018	1310	0.936842
2008	19	2019	1310	0.918421
2008	19	2019	1310	0.952632
2008	19	2019	1310	0.826316
2008	19	2019	1310	0.921053
2008	19	2019	1310	0.878947
2008	19	2019	1310	0.894737
2008	19	2019	1310	0.910526
2008	19	2019	1310	0.897368
2008	19	2019	1310	0.976316
2008	19	2019	1310	0.921053
2009	11	2005	416	0.609091
2009	11	2005	416	0.640909
2009	11	2005	416	0.713636
2009	11	2005	416	0.577273
2009	11	2005	416	0.668182
2009	11	2005	416	0.590909
2009	11	2005	416	0.522727
2009	11	2005	416	0.718182
2009	11	2005	416	0.7
2009	11	2005	416	0.622727
2009	11	2006	519	0.681818
2009	11	2006	519	0.604545
2009	11	2006	519	0.690909
2009	11	2006	519	0.568182
2009	11	2006	519	0.740909
2009	11	2006	519	0.604545
2009	11	2006	519	0.654545
2009	11	2006	519	0.618182
2009	11	2006	519	0.709091
2009	11	2006	519	0.554545
2009	11	2007	550	0.681818
2009	11	2007	550	0.627273
2009	11	2007	550	0.595455
2009	11	2007	550	0.586364
2009	11	2007	550	0.604545
2009	11	2007	550	0.677273
2009	11	2007	550	0.640909
2009	11	2007	550	0.618182
2009	11	2007	550	0.736364
2009	11	2007	550	0.672727
2009	11	2008	569	0.536364
2009	11	2008	569	0.772727
2009	11	2008	569	0.672727
2009	11	2008	569	0.6
2009	11	2008	569	0.777273
2009	11	2008	569	0.681818
2009	11	2008	569	0.740909
2009	11	2008	569	0.763636
2009	11	2008	569	0.777273
2009	11	2008	569	0.709091
2009	11	2009	580	0.836364
2009	11	2009	580	0.790909
2009	11	2009	580	0.745455
2009	11	2009	580	0.931818
2009	11	2009	580	0.727273
2009	11	2009	580	0.831818
2009	11	2009	580	0.822727
2009	11	2009	580	0.872727
2009	11	2009	580	0.759091
2009	11	2009	580	0.818182
2009	11	2010	609	0.8
2009	11	2010	609	0.763636
2009	11	2010	609	0.772727
2009	11	2010	609	0.863636
2009	11	2010	609	0.781818
2009	11	2010	609	0.831818
2009	11	2010	609	0.813636
2009	11	2010	609	0.881818
2009	11	2010	609	0.790909
2009	11	2010	609	0.872727
2009	11	2011	680	0.877273
2009	11	2011	680	0.795455
2009	11	2011	680	0.890909
2009	11	2011	680	0.831818
2009	11	2011	680	0.890909
2009	11	2011	680	0.75
2009	11	2011	680	0.9
2009	11	2011	680	0.859091
2009	11	2011	680	0.868182
2009	11	2011	680	0.890909
2009	11	2012	715	0.868182
2009	11	2012	715	0.904545
2009	11	2012	715	0.840909
2009	11	2012	715	0.836364
2009	11	2012	715	0.859091
2009	11	2012	715	0.863636
2009	11	2012	715	0.818182
2009	11	2012	715	0.809091
2009	11	2012	715	0.840909
2009	11	2012	715	0.868182
2009	11	2013	888	0.863636
2009	11	2013	888	0.881818
2009	11	2013	888	0.836364
2009	11	2013	888	0.9
2009	11	2013	888	0.9
2009	11	2013	888	0.872727
2009	11	2013	888	0.859091
2009	11	2013	888	0.840909
2009	11	2013	888	0.895455
2009	11	2013	888	0.854545
2009	11	2014	1304	0.859091
2009	11	2014	1304	0.904545
2009	11	2014	1304	0.777273
2009	11	2014	1304	0.772727
2009	11	2014	1304	0.827273
2009	11	2014	1304	0.845455
2009	11	2014	1304	0.754545
2009	11	2014	1304	0.768182
2009	11	2014	1304	0.827273
2009	11	2014	1304	0.754545
2009	11	2015	1307	0.777273
2009	11	2015	1307	0.809091
2009	11	2015	1307	0.772727
2009	11	2015	1307	0.722727
2009	11	2015	1307	0.922727
2009	11	2015	1307	0.859091
2009	11	2015	1307	0.913636
2009	11	2015	1307	0.663636
2009	11	2015	1307	0.718182
2009	11	2015	1307	0.731818
2009	11	2016	1307	0.727273
2009	11	2016	1307	0.718182
2009	11	2016	1307	0.804545
2009	11	2016	1307	0.818182
2009	11	2016	1307	0.740909
2009	11	2016	1307	0.854545
2009	11	2016	1307	0.790909
2009	11	2016	1307	0.781818
2009	11	2016	1307	0.745455
2009	11	2016	1307	0.863636
2009	11	2017	1309	0.790909
2009	11	2017	1309	0.909091
2009	11	2017	1309	0.727273
2009	11	2017	1309	0.822727
2009	11	2017	1309	0.786364
2009	11	2017	1309	0.895455
2009	11	2017	1309	0.836364
2009	11	2017	1309	0.754545
2009	11	2017	1309	0.736364
2009	11	2017	1309	0.868182
2009	11	2018	1310	0.813636
2009	11	2018	1310	0.754545
2009	11	2018	1310	0.704545
2009	11	2018	1310	0.872727
2009	11	2018	1310	0.822727
2009	11	2018	1310	0.895455
2009	11	2018	1310	0.759091
2009	11	2018	1310	0.918182
2009	11	2018	1310	0.818182
2009	11	2018	1310	0.877273
2009	11	2019	1310	0.859091
2009	11	2019	1310	0.895455
2009	11	2019	1310	0.777273
2009	11	2019	1310	0.777273
2009	11	2019	1310	0.718182
2009	11	2019	1310	0.809091
2009	11	2019	1310	0.863636
2009	11	2019	1310	0.722727
2009	11	2019	1310	0.890909
2009	11	2019	1310	0.913636
2010	29	2005	416	0.694828
2010	29	2005	416	0.510345
2010	29	2005	416	0.548276
2010	29	2005	416	0.544828
2010	29	2005	416	0.601724
2010	29	2005	416	0.47069
2010	29	2005	416	0.384483
2010	29	2005	416	0.731034
2010	29	2005	416	0.674138
2010	29	2005	416	0.581034
2010	29	2006	519	0.712069
2010	29	2006	519	0.560345
2010	29	2006	519	0.708621
2010	29	2006	519	0.525862
2010	29	2006	519	0.687931
2010	29	2006	519	0.622414
2010	29	2006	519	0.75
2010	29	2006	519	0.656897
2010	29	2006	519	0.632759
2010	29	2006	519	0.603448
2010	29	2007	550	0.777586
2010	29	2007	550	0.568966
2010	29	2007	550	0.494828
2010	29	2007	550	0.517241
2010	29	2007	550	0.560345
2010	29	2007	550	0.703448
2010	29	2007	550	0.548276
2010	29	2007	550	0.758621
2010	29	2007	550	0.682759
2010	29	2007	550	0.672414
2010	29	2008	569	0.624138
2010	29	2008	569	0.681034
2010	29	2008	569	0.587931
2010	29	2008	569	0.668966
2010	29	2008	569	0.772414
2010	29	2008	569	0.637931
2010	29	2008	569	0.696552
2010	29	2008	569	0.777586
2010	29	2008	569	0.706897
2010	29	2008	569	0.748276
2010	29	2009	580	0.855172
2010	29	2009	580	0.763793
2010	29	2009	580	0.718966
2010	29	2009	580	0.796552
2010	29	2009	580	0.701724
2010	29	2009	580	0.803448
2010	29	2009	580	0.763793
2010	29	2009	580	0.658621
2010	29	2009	580	0.608621
2010	29	2009	580	0.789655
2010	29	2010	609	0.922414
2010	29	2010	609	0.891379
2010	29	2010	609	0.893103
2010	29	2010	609	0.931034
2010	29	2010	609	0.924138
2010	29	2010	609	0.917241
2010	29	2010	609	0.894828
2010	29	2010	609	0.917241
2010	29	2010	609	0.906897
2010	29	2010	609	0.918966
2010	29	2011	680	0.943103
2010	29	2011	680	0.922414
2010	29	2011	680	0.941379
2010	29	2011	680	0.927586
2010	29	2011	680	0.936207
2010	29	2011	680	0.898276
2010	29	2011	680	0.908621
2010	29	2011	680	0.927586
2010	29	2011	680	0.941379
2010	29	2011	680	0.905172
2010	29	2012	715	0.958621
2010	29	2012	715	0.944828
2010	29	2012	715	0.927586
2010	29	2012	715	0.912069
2010	29	2012	715	0.943103
2010	29	2012	715	0.934483
2010	29	2012	715	0.917241
2010	29	2012	715	0.915517
2010	29	2012	715	0.9
2010	29	2012	715	0.917241
2010	29	2013	888	0.958621
2010	29	2013	888	0.941379
2010	29	2013	888	0.95
2010	29	2013	888	0.958621
2010	29	2013	888	0.937931
2010	29	2013	888	0.948276
2010	29	2013	888	0.944828
2010	29	2013	888	0.958621
2010	29	2013	888	0.932759
2010	29	2013	888	0.958621
2010	29	2014	1304	0.951724
2010	29	2014	1304	0.946552
2010	29	2014	1304	0.962069
2010	29	2014	1304	0.960345
2010	29	2014	1304	0.956897
2010	29	2014	1304	0.953448
2010	29	2014	1304	0.955172
2010	29	2014	1304	0.927586
2010	29	2014	1304	0.967241
2010	29	2014	1304	0.953448
2010	29	2015	1307	0.965517
2010	29	2015	1307	0.965517
2010	29	2015	1307	0.968966
2010	29	2015	1307	0.956897
2010	29	2015	1307	0.968966
2010	29	2015	1307	0.95
2010	29	2015	1307	0.984483
2010	29	2015	1307	0.934483
2010	29	2015	1307	0.955172
2010	29	2015	1307	0.963793
2010	29	2016	1307	0.941379
2010	29	2016	1307	0.960345
2010	29	2016	1307	0.941379
2010	29	2016	1307	0.974138
2010	29	2016	1307	0.943103
2010	29	2016	1307	0.956897
2010	29	2016	1307	0.956897
2010	29	2016	1307	0.955172
2010	29	2016	1307	0.953448
2010	29	2016	1307	0.962069
2010	29	2017	1309	0.962069
2010	29	2017	1309	0.982759
2010	29	2017	1309	0.962069
2010	29	2017	1309	0.97069
2010	29	2017	1309	0.97069
2010	29	2017	1309	0.965517
2010	29	2017	1309	0.951724
2010	29	2017	1309	0.963793
2010	29	2017	1309	0.97069
2010	29	2017	1309	0.981034
2010	29	2018	1310	0.960345
2010	29	2018	1310	0.960345
2010	29	2018	1310	0.951724
2010	29	2018	1310	0.955172
2010	29	2018	1310	0.958621
2010	29	2018	1310	0.974138
2010	29	2018	1310	0.953448
2010	29	2018	1310	0.986207
2010	29	2018	1310	0.960345
2010	29	2018	1310	0.974138
2010	29	2019	1310	0.943103
2010	29	2019	1310	0.958621
2010	29	2019	1310	0.960345
2010	29	2019	1310	0.939655
2010	29	2019	1310	0.967241
2010	29	2019	1310	0.968966
2010	29	2019	1310	0.974138
2010	29	2019	1310	0.956897
2010	29	2019	1310	0.955172
2010	29	2019	1310	0.965517
2011	71	2005	416	0.825352
2011	71	2005	416	0.783099
2011	71	2005	416	0.780282
2011	71	2005	416	0.790141
2011	71	2005	416	0.796479
2011	71	2005	416	0.75493
2011	71	2005	416	0.726761
2011	71	2005	416	0.858451
2011	71	2005	416	0.834507
2011	71	2005	416	0.799296
2011	71	2006	519	0.841549
2011	71	2006	519	0.789437
2011	71	2006	519	0.859155
2011	71	2006	519	0.796479
2011	71	2006	519	0.842958
2011	71	2006	519	0.811972
2011	71	2006	519	0.864789
2011	71	2006	519	0.821127
2011	71	2006	519	0.833099
2011	71	2006	519	0.809155
2011	71	2007	550	0.866197
2011	71	2007	550	0.804225
2011	71	2007	550	0.779577
2011	71	2007	550	0.78169
2011	71	2007	550	0.791549
2011	71	2007	550	0.851408
2011	71	2007	550	0.795775
2011	71	2007	550	0.847887
2011	71	2007	550	0.83662
2011	71	2007	550	0.828873
2011	71	2008	569	0.830282
2011	71	2008	569	0.871831
2011	71	2008	569	0.816901
2011	71	2008	569	0.852113
2011	71	2008	569	0.885915
2011	71	2008	569	0.828873
2011	71	2008	569	0.869718
2011	71	2008	569	0.888732
2011	71	2008	569	0.850704
2011	71	2008	569	0.888028
2011	71	2009	580	0.905634
2011	71	2009	580	0.893662
2011	71	2009	580	0.872535
2011	71	2009	580	0.915493
2011	71	2009	580	0.845775
2011	71	2009	580	0.894366
2011	71	2009	580	0.874648
2011	71	2009	580	0.855634
2011	71	2009	580	0.824648
2011	71	2009	580	0.9
2011	71	2010	609	0.940845
2011	71	2010	609	0.926056
2011	71	2010	609	0.923239
2011	71	2010	609	0.944366
2011	71	2010	609	0.921127
2011	71	2010	609	0.948592
2011	71	2010	609	0.932394
2011	71	2010	609	0.955634
2011	71	2010	609	0.933099
2011	71	2010	609	0.939437
2011	71	2011	680	0.960563
2011	71	2011	680	0.953521
2011	71	2011	680	0.975352
2011	71	2011	680	0.966901
2011	71	2011	680	0.959155
2011	71	2011	680	0.964085
2011	71	2011	680	0.967606
2011	71	2011	680	0.974648
2011	71	2011	680	0.967606
2011	71	2011	680	0.965493
2011	71	2012	715	0.969014
2011	71	2012	715	0.964789
2011	71	2012	715	0.964789
2011	71	2012	715	0.969014
2011	71	2012	715	0.961268
2011	71	2012	715	0.979577
2011	71	2012	715	0.964789
2011	71	2012	715	0.940845
2011	71	2012	715	0.974648
2011	71	2012	715	0.967606
2011	71	2013	888	0.958451
2011	71	2013	888	0.975352
2011	71	2013	888	0.961972
2011	71	2013	888	0.969014
2011	71	2013	888	0.953521
2011	71	2013	888	0.983803
2011	71	2013	888	0.964085
2011	71	2013	888	0.957746
2011	71	2013	888	0.96831
2011	71	2013	888	0.964789
2011	71	2014	1304	0.975352
2011	71	2014	1304	0.966197
2011	71	2014	1304	0.974648
2011	71	2014	1304	0.985915
2011	71	2014	1304	0.983803
2011	71	2014	1304	0.984507
2011	71	2014	1304	0.972535
2011	71	2014	1304	0.978169
2011	71	2014	1304	0.985915
2011	71	2014	1304	0.973944
2011	71	2015	1307	0.978873
2011	71	2015	1307	0.985211
2011	71	2015	1307	0.976761
2011	71	2015	1307	0.964085
2011	71	2015	1307	0.980986
2011	71	2015	1307	0.971127
2011	71	2015	1307	0.990845
2011	71	2015	1307	0.973239
2011	71	2015	1307	0.983099
2011	71	2015	1307	0.971127
2011	71	2016	1307	0.978873
2011	71	2016	1307	0.978169
2011	71	2016	1307	0.974648
2011	71	2016	1307	0.978873
2011	71	2016	1307	0.971127
2011	71	2016	1307	0.976056
2011	71	2016	1307	0.990141
2011	71	2016	1307	0.984507
2011	71	2016	1307	0.978873
2011	71	2016	1307	0.985915
2011	71	2017	1309	0.977465
2011	71	2017	1309	0.982394
2011	71	2017	1309	0.976056
2011	71	2017	1309	0.988028
2011	71	2017	1309	0.980282
2011	71	2017	1309	0.980282
2011	71	2017	1309	0.985211
2011	71	2017	1309	0.978873
2011	71	2017	1309	0.98662
2011	71	2017	1309	0.977465
2011	71	2018	1310	0.971831
2011	71	2018	1310	0.994366
2011	71	2018	1310	0.971831
2011	71	2018	1310	0.98169
2011	71	2018	1310	0.985211
2011	71	2018	1310	0.980986
2011	71	2018	1310	0.98169
2011	71	2018	1310	0.973239
2011	71	2018	1310	0.989437
2011	71	2018	1310	0.984507
2011	71	2019	1310	0.959155
2011	71	2019	1310	0.984507
2011	71	2019	1310	0.976761
2011	71	2019	1310	0.974648
2011	71	2019	1310	0.960563
2011	71	2019	1310	0.973239
2011	71	2019	1310	0.979577
2011	71	2019	1310	0.98169
2011	71	2019	1310	0.973944
2011	71	2019	1310	0.974648
2012	35	2005	416	0.585714
2012	35	2005	416	0.584286
2012	35	2005	416	0.618571
2012	35	2005	416	0.565714
2012	35	2005	416	0.557143
2012	35	2005	416	0.525714
2012	35	2005	416	0.41
2012	35	2005	416	0.657143
2012	35	2005	416	0.674286
2012	35	2005	416	0.538571
2012	35	2006	519	0.611429
2012	35	2006	519	0.562857
2012	35	2006	519	0.627143
2012	35	2006	519	0.542857
2012	35	2006	519	0.687143
2012	35	2006	519	0.564286
2012	35	2006	519	0.647143
2012	35	2006	519	0.59
2012	35	2006	519	0.648571
2012	35	2006	519	0.545714
2012	35	2007	550	0.678571
2012	35	2007	550	0.507143
2012	35	2007	550	0.487143
2012	35	2007	550	0.57
2012	35	2007	550	0.568571
2012	35	2007	550	0.675714
2012	35	2007	550	0.578571
2012	35	2007	550	0.66
2012	35	2007	550	0.684286
2012	35	2007	550	0.631429
2012	35	2008	569	0.608571
2012	35	2008	569	0.715714
2012	35	2008	569	0.65
2012	35	2008	569	0.704286
2012	35	2008	569	0.724286
2012	35	2008	569	0.66
2012	35	2008	569	0.708571
2012	35	2008	569	0.737143
2012	35	2008	569	0.69
2012	35	2008	569	0.76
2012	35	2009	580	0.781429
2012	35	2009	580	0.741429
2012	35	2009	580	0.684286
2012	35	2009	580	0.775714
2012	35	2009	580	0.672857
2012	35	2009	580	0.728571
2012	35	2009	580	0.738571
2012	35	2009	580	0.704286
2012	35	2009	580	0.657143
2012	35	2009	580	0.777143
2012	35	2010	609	0.821429
2012	35	2010	609	0.804286
2012	35	2010	609	0.778571
2012	35	2010	609	0.844286
2012	35	2010	609	0.79
2012	35	2010	609	0.834286
2012	35	2010	609	0.78
2012	35	2010	609	0.818571
2012	35	2010	609	0.762857
2012	35	2010	609	0.83
2012	35	2011	680	0.88
2012	35	2011	680	0.801429
2012	35	2011	680	0.871429
2012	35	2011	680	0.82
2012	35	2011	680	0.867143
2012	35	2011	680	0.772857
2012	35	2011	680	0.831429
2012	35	2011	680	0.881429
2012	35	2011	680	0.862857
2012	35	2011	680	0.847143
2012	35	2012	715	0.894286
2012	35	2012	715	0.864286
2012	35	2012	715	0.901429
2012	35	2012	715	0.888571
2012	35	2012	715	0.85
2012	35	2012	715	0.892857
2012	35	2012	715	0.888571
2012	35	2012	715	0.8
2012	35	2012	715	0.92
2012	35	2012	715	0.88
2012	35	2013	888	0.901429
2012	35	2013	888	0.912857
2012	35	2013	888	0.898571
2012	35	2013	888	0.931429
2012	35	2013	888	0.887143
2012	35	2013	888	0.905714
2012	35	2013	888	0.89
2012	35	2013	888	0.895714
2012	35	2013	888	0.91
2012	35	2013	888	0.89
2012	35	2014	1304	0.904286
2012	35	2014	1304	0.907143
2012	35	2014	1304	0.887143
2012	35	2014	1304	0.872857
2012	35	2014	1304	0.938571
2012	35	2014	1304	0.92
2012	35	2014	1304	0.84
2012	35	2014	1304	0.828571
2012	35	2014	1304	0.927143
2012	35	2014	1304	0.831429
2012	35	2015	1307	0.914286
2012	35	2015	1307	0.89
2012	35	2015	1307	0.914286
2012	35	2015	1307	0.887143
2012	35	2015	1307	0.931429
2012	35	2015	1307	0.94
2012	35	2015	1307	0.941429
2012	35	2015	1307	0.845714
2012	35	2015	1307	0.9
2012	35	2015	1307	0.852857
2012	35	2016	1307	0.832857
2012	35	2016	1307	0.895714
2012	35	2016	1307	0.867143
2012	35	2016	1307	0.895714
2012	35	2016	1307	0.872857
2012	35	2016	1307	0.91
2012	35	2016	1307	0.877143
2012	35	2016	1307	0.838571
2012	35	2016	1307	0.867143
2012	35	2016	1307	0.895714
2012	35	2017	1309	0.871429
2012	35	2017	1309	0.917143
2012	35	2017	1309	0.87
2012	35	2017	1309	0.922857
2012	35	2017	1309	0.897143
2012	35	2017	1309	0.937143
2012	35	2017	1309	0.905714
2012	35	2017	1309	0.871429
2012	35	2017	1309	0.902857
2012	35	2017	1309	0.937143
2012	35	2018	1310	0.91
2012	35	2018	1310	0.911429
2012	35	2018	1310	0.854286
2012	35	2018	1310	0.908571
2012	35	2018	1310	0.917143
2012	35	2018	1310	0.912857
2012	35	2018	1310	0.882857
2012	35	2018	1310	0.934286
2012	35	2018	1310	0.892857
2012	35	2018	1310	0.9
2012	35	2019	1310	0.897143
2012	35	2019	1310	0.941429
2012	35	2019	1310	0.875714
2012	35	2019	1310	0.905714
2012	35	2019	1310	0.872857
2012	35	2019	1310	0.932857
2012	35	2019	1310	0.901429
2012	35	2019	1310	0.88
2012	35	2019	1310	0.94
2012	35	2019	1310	0.891429
2013	173	2005	416	0.502023
2013	173	2005	416	0.653757
2013	173	2005	416	0.478324
2013	173	2005	416	0.446243
2013	173	2005	416	0.493353
2013	173	2005	416	0.43237
2013	173	2005	416	0.229769
2013	173	2005	416	0.698266
2013	173	2005	416	0.713006
2013	173	2005	416	0.433815
2013	173	2006	519	0.38237
2013	173	2006	519	0.39711
2013	173	2006	519	0.509249
2013	173	2006	519	0.541908
2013	173	2006	519	0.576879
2013	173	2006	519	0.391329
2013	173	2006	519	0.576879
2013	173	2006	519	0.354335
2013	173	2006	519	0.524277
2013	173	2006	519	0.378324
2013	173	2007	550	0.536994
2013	173	2007	550	0.34104
2013	173	2007	550	0.363295
2013	173	2007	550	0.395954
2013	173	2007	550	0.375723
2013	173	2007	550	0.618786
2013	173	2007	550	0.468497
2013	173	2007	550	0.439884
2013	173	2007	550	0.588439
2013	173	2007	550	0.499711
2013	173	2008	569	0.73815
2013	173	2008	569	0.795954
2013	173	2008	569	0.684971
2013	173	2008	569	0.812428
2013	173	2008	569	0.740751
2013	173	2008	569	0.627746
2013	173	2008	569	0.723121
2013	173	2008	569	0.702601
2013	173	2008	569	0.584682
2013	173	2008	569	0.848266
2013	173	2009	580	0.716763
2013	173	2009	580	0.751734
2013	173	2009	580	0.795665
2013	173	2009	580	0.852601
2013	173	2009	580	0.434971
2013	173	2009	580	0.783526
2013	173	2009	580	0.721965
2013	173	2009	580	0.661561
2013	173	2009	580	0.676301
2013	173	2009	580	0.796532
2013	173	2010	609	0.85578
2013	173	2010	609	0.789595
2013	173	2010	609	0.800867
2013	173	2010	609	0.890173
2013	173	2010	609	0.869653
2013	173	2010	609	0.845376
2013	173	2010	609	0.796532
2013	173	2010	609	0.869364
2013	173	2010	609	0.836416
2013	173	2010	609	0.860405
2013	173	2011	680	0.881792
2013	173	2011	680	0.896532
2013	173	2011	680	0.917919
2013	173	2011	680	0.859249
2013	173	2011	680	0.870231
2013	173	2011	680	0.820809
2013	173	2011	680	0.886994
2013	173	2011	680	0.922254
2013	173	2011	680	0.897688
2013	173	2011	680	0.874277
2013	173	2012	715	0.890462
2013	173	2012	715	0.898266
2013	173	2012	715	0.900867
2013	173	2012	715	0.922543
2013	173	2012	715	0.906069
2013	173	2012	715	0.886994
2013	173	2012	715	0.913873
2013	173	2012	715	0.847399
2013	173	2012	715	0.902601
2013	173	2012	715	0.904046
2013	173	2013	888	0.965607
2013	173	2013	888	0.962717
2013	173	2013	888	0.958382
2013	173	2013	888	0.957803
2013	173	2013	888	0.966763
2013	173	2013	888	0.975145
2013	173	2013	888	0.971676
2013	173	2013	888	0.964451
2013	173	2013	888	0.958671
2013	173	2013	888	0.960983
2013	173	2014	1304	0.977746
2013	173	2014	1304	0.975145
2013	173	2014	1304	0.971965
2013	173	2014	1304	0.96763
2013	173	2014	1304	0.976879
2013	173	2014	1304	0.97948
2013	173	2014	1304	0.973988
2013	173	2014	1304	0.965896
2013	173	2014	1304	0.979769
2013	173	2014	1304	0.97659
2013	173	2015	1307	0.969364
2013	173	2015	1307	0.978902
2013	173	2015	1307	0.975145
2013	173	2015	1307	0.973988
2013	173	2015	1307	0.973699
2013	173	2015	1307	0.977457
2013	173	2015	1307	0.975145
2013	173	2015	1307	0.97341
2013	173	2015	1307	0.975145
2013	173	2015	1307	0.97052
2013	173	2016	1307	0.977168
2013	173	2016	1307	0.980925
2013	173	2016	1307	0.976301
2013	173	2016	1307	0.968786
2013	173	2016	1307	0.971098
2013	173	2016	1307	0.978324
2013	173	2016	1307	0.968208
2013	173	2016	1307	0.978613
2013	173	2016	1307	0.978902
2013	173	2016	1307	0.979191
2013	173	2017	1309	0.979769
2013	173	2017	1309	0.985838
2013	173	2017	1309	0.980347
2013	173	2017	1309	0.971098
2013	173	2017	1309	0.982081
2013	173	2017	1309	0.977457
2013	173	2017	1309	0.976012
2013	173	2017	1309	0.97659
2013	173	2017	1309	0.973988
2013	173	2017	1309	0.97659
2013	173	2018	1310	0.976301
2013	173	2018	1310	0.976879
2013	173	2018	1310	0.978035
2013	173	2018	1310	0.976879
2013	173	2018	1310	0.973121
2013	173	2018	1310	0.97659
2013	173	2018	1310	0.975723
2013	173	2018	1310	0.976301
2013	173	2018	1310	0.980347
2013	173	2018	1310	0.983237
2013	173	2019	1310	0.976301
2013	173	2019	1310	0.987572
2013	173	2019	1310	0.970231
2013	173	2019	1310	0.971387
2013	173	2019	1310	0.972254
2013	173	2019	1310	0.979769
2013	173	2019	1310	0.975145
2013	173	2019	1310	0.969653
2013	173	2019	1310	0.975723
2013	173	2019	1310	0.978035
2014	416	2005	416	0.373918
2014	416	2005	416	0.611178
2014	416	2005	416	0.348197
2014	416	2005	416	0.281851
2014	416	2005	416	0.410817
2014	416	2005	416	0.307091
2014	416	2005	416	0.122115
2014	416	2005	416	0.602764
2014	416	2005	416	0.61875
2014	416	2005	416	0.31863
2014	416	2006	519	0.201683
2014	416	2006	519	0.272957
2014	416	2006	519	0.390865
2014	416	2006	519	0.503365
2014	416	2006	519	0.461538
2014	416	2006	519	0.267788
2014	416	2006	519	0.459135
2014	416	2006	519	0.195433
2014	416	2006	519	0.447236
2014	416	2006	519	0.226923
2014	416	2007	550	0.387139
2014	416	2007	550	0.254808
2014	416	2007	550	0.282332
2014	416	2007	550	0.275
2014	416	2007	550	0.251322
2014	416	2007	550	0.542428
2014	416	2007	550	0.377524
2014	416	2007	550	0.254327
2014	416	2007	550	0.488221
2014	416	2007	550	0.358293
2014	416	2008	569	0.705288
2014	416	2008	569	0.844591
2014	416	2008	569	0.665024
2014	416	2008	569	0.803726
2014	416	2008	569	0.69375
2014	416	2008	569	0.533894
2014	416	2008	569	0.678726
2014	416	2008	569	0.658654
2014	416	2008	569	0.492668
2014	416	2008	569	0.857332
2014	416	2009	580	0.610096
2014	416	2009	580	0.674639
2014	416	2009	580	0.809736
2014	416	2009	580	0.855889
2014	416	2009	580	0.276803
2014	416	2009	580	0.742308
2014	416	2009	580	0.697236
2014	416	2009	580	0.613942
2014	416	2009	580	0.627885
2014	416	2009	580	0.71851
2014	416	2010	609	0.830649
2014	416	2010	609	0.71226
2014	416	2010	609	0.708293
2014	416	2010	609	0.862861
2014	416	2010	609	0.839663
2014	416	2010	609	0.800841
2014	416	2010	609	0.710096
2014	416	2010	609	0.841466
2014	416	2010	609	0.78137
2014	416	2010	609	0.799519
2014	416	2011	680	0.820793
2014	416	2011	680	0.844591
2014	416	2011	680	0.89399
2014	416	2011	680	0.861659
2014	416	2011	680	0.807212
2014	416	2011	680	0.753486
2014	416	2011	680	0.872236
2014	416	2011	680	0.898317
2014	416	2011	680	0.849399
2014	416	2011	680	0.841707
2014	416	2012	715	0.850721
2014	416	2012	715	0.863221
2014	416	2012	715	0.879447
2014	416	2012	715	0.903966
2014	416	2012	715	0.879928
2014	416	2012	715	0.874038
2014	416	2012	715	0.898918
2014	416	2012	715	0.785096
2014	416	2012	715	0.890745
2014	416	2012	715	0.878966
2014	416	2013	888	0.916827
2014	416	2013	888	0.904327
2014	416	2013	888	0.903726
2014	416	2013	888	0.916587
2014	416	2013	888	0.925361
2014	416	2013	888	0.919351
2014	416	2013	888	0.92488
2014	416	2013	888	0.904567
2014	416	2013	888	0.924639
2014	416	2013	888	0.903966
2014	416	2014	1304	0.96274
2014	416	2014	1304	0.955649
2014	416	2014	1304	0.970793
2014	416	2014	1304	0.970793
2014	416	2014	1304	0.959615
2014	416	2014	1304	0.964663
2014	416	2014	1304	0.965024
2014	416	2014	1304	0.977163
2014	416	2014	1304	0.965745
2014	416	2014	1304	0.962981
2014	416	2015	1307	0.972476
2014	416	2015	1307	0.967187
2014	416	2015	1307	0.963702
2014	416	2015	1307	0.967067
2014	416	2015	1307	0.957692
2014	416	2015	1307	0.961538
2014	416	2015	1307	0.957452
2014	416	2015	1307	0.965385
2014	416	2015	1307	0.974279
2014	416	2015	1307	0.974159
2014	416	2016	1307	0.973077
2014	416	2016	1307	0.972837
2014	416	2016	1307	0.969471
2014	416	2016	1307	0.96226
2014	416	2016	1307	0.97476
2014	416	2016	1307	0.963822
2014	416	2016	1307	0.972596
2014	416	2016	1307	0.974038
2014	416	2016	1307	0.966707
2014	416	2016	1307	0.967308
2014	416	2017	1309	0.967668
2014	416	2017	1309	0.958894
2014	416	2017	1309	0.967428
2014	416	2017	1309	0.965385
2014	416	2017	1309	0.980529
2014	416	2017	1309	0.958774
2014	416	2017	1309	0.972596
2014	416	2017	1309	0.968389
2014	416	2017	1309	0.979688
2014	416	2017	1309	0.959255
2014	416	2018	1310	0.965144
2014	416	2018	1310	0.975
2014	416	2018	1310	0.968389
2014	416	2018	1310	0.958173
2014	416	2018	1310	0.966947
2014	416	2018	1310	0.959856
2014	416	2018	1310	0.975601
2014	416	2018	1310	0.951442
2014	416	2018	1310	0.980889
2014	416	2018	1310	0.965625
2014	416	2019	1310	0.959615
2014	416	2019	1310	0.969712
2014	416	2019	1310	0.976683
2014	416	2019	1310	0.972837
2014	416	2019	1310	0.971635
2014	416	2019	1310	0.969952
2014	416	2019	1310	0.964063
2014	416	2019	1310	0.970553
2014	416	2019	1310	0.960337
2014	416	2019	1310	0.960697
2015	3	2005	416	0.833333
2015	3	2005	416	0.7
2015	3	2005	416	0.783333
2015	3	2005	416	0.716667
2015	3	2005	416	0.65
2015	3	2005	416	0.7
2015	3	2005	416	0.566667
2015	3	2005	416	0.75
2015	3	2005	416	0.75
2015	3	2005	416	0.616667
2015	3	2006	519	0.816667
2015	3	2006	519	0.8
2015	3	2006	519	0.766667
2015	3	2006	519	0.716667
2015	3	2006	519	0.866667
2015	3	2006	519	0.85
2015	3	2006	519	0.783333
2015	3	2006	519	0.866667
2015	3	2006	519	0.85
2015	3	2006	519	0.816667
2015	3	2007	550	0.883333
2015	3	2007	550	0.85
2015	3	2007	550	0.7
2015	3	2007	550	0.683333
2015	3	2007	550	0.85
2015	3	2007	550	0.833333
2015	3	2007	550	0.783333
2015	3	2007	550	0.8
2015	3	2007	550	0.833333
2015	3	2007	550	0.833333
2015	3	2008	569	0.533333
2015	3	2008	569	0.9
2015	3	2008	569	0.766667
2015	3	2008	569	0.766667
2015	3	2008	569	0.916667
2015	3	2008	569	0.633333
2015	3	2008	569	0.9
2015	3	2008	569	0.866667
2015	3	2008	569	0.9
2015	3	2008	569	0.866667
2015	3	2009	580	0.9
2015	3	2009	580	0.85
2015	3	2009	580	0.8
2015	3	2009	580	0.866667
2015	3	2009	580	0.883333
2015	3	2009	580	0.883333
2015	3	2009	580	0.783333
2015	3	2009	580	0.916667
2015	3	2009	580	0.766667
2015	3	2009	580	0.8
2015	3	2010	609	0.9
2015	3	2010	609	0.9
2015	3	2010	609	0.833333
2015	3	2010	609	0.866667
2015	3	2010	609	0.783333
2015	3	2010	609	0.833333
2015	3	2010	609	0.9
2015	3	2010	609	0.933333
2015	3	2010	609	0.916667
2015	3	2010	609	0.9
2015	3	2011	680	0.95
2015	3	2011	680	0.766667
2015	3	2011	680	0.883333
2015	3	2011	680	0.833333
2015	3	2011	680	0.916667
2015	3	2011	680	0.783333
2015	3	2011	680	0.8
2015	3	2011	680	0.933333
2015	3	2011	680	0.833333
2015	3	2011	680	0.85
2015	3	2012	715	0.883333
2015	3	2012	715	0.866667
2015	3	2012	715	0.966667
2015	3	2012	715	0.866667
2015	3	2012	715	0.816667
2015	3	2012	715	0.75
2015	3	2012	715	0.833333
2015	3	2012	715	0.833333
2015	3	2012	715	0.883333
2015	3	2012	715	0.833333
2015	3	2013	888	0.8
2015	3	2013	888	0.816667
2015	3	2013	888	0.85
2015	3	2013	888	0.816667
2015	3	2013	888	0.85
2015	3	2013	888	0.783333
2015	3	2013	888	0.766667
2015	3	2013	888	0.783333
2015	3	2013	888	0.9
2015	3	2013	888	0.916667
2015	3	2014	1304	0.7
2015	3	2014	1304	0.85
2015	3	2014	1304	0.583333
2015	3	2014	1304	0.566667
2015	3	2014	1304	0.8
2015	3	2014	1304	0.8
2015	3	2014	1304	0.616667
2015	3	2014	1304	0.433333
2015	3	2014	1304	0.75
2015	3	2014	1304	0.483333
2015	3	2015	1307	0.816667
2015	3	2015	1307	0.566667
2015	3	2015	1307	0.633333
2015	3	2015	1307	0.566667
2015	3	2015	1307	0.883333
2015	3	2015	1307	0.8
2015	3	2015	1307	0.9
2015	3	2015	1307	0.566667
2015	3	2015	1307	0.666667
2015	3	2015	1307	0.666667
2015	3	2016	1307	0.533333
2015	3	2016	1307	0.616667
2015	3	2016	1307	0.7
2015	3	2016	1307	0.683333
2015	3	2016	1307	0.6
2015	3	2016	1307	0.833333
2015	3	2016	1307	0.366667
2015	3	2016	1307	0.6
2015	3	2016	1307	0.65
2015	3	2016	1307	0.7
2015	3	2017	1309	0.683333
2015	3	2017	1309	0.833333
2015	3	2017	1309	0.466667
2015	3	2017	1309	0.816667
2015	3	2017	1309	0.65
2015	3	2017	1309	0.9
2015	3	2017	1309	0.7
2015	3	2017	1309	0.6
2015	3	2017	1309	0.5
2015	3	2017	1309	0.866667
2015	3	2018	1310	0.716667
2015	3	2018	1310	0.666667
2015	3	2018	1310	0.7
2015	3	2018	1310	0.816667
2015	3	2018	1310	0.666667
2015	3	2018	1310	0.75
2015	3	2018	1310	0.466667
2015	3	2018	1310	0.9
2015	3	2018	1310	0.533333
2015	3	2018	1310	0.683333
2015	3	2019	1310	0.733333
2015	3	2019	1310	0.783333
2015	3	2019	1310	0.566667
2015	3	2019	1310	0.75
2015	3	2019	1310	0.483333
2015	3	2019	1310	0.65
2015	3	2019	1310	0.716667
2015	3	2019	1310	0.65
2015	3	2019	1310	0.85
2015	3	2019	1310	0.8
2017	2	2005	416	0.45
2017	2	2005	416	0.4
2017	2	2005	416	0.475
2017	2	2005	416	0.525
2017	2	2005	416	0.5
2017	2	2005	416	0.45
2017	2	2005	416	0.35
2017	2	2005	416	0.625
2017	2	2005	416	0.5
2017	2	2005	416	0.425
2017	2	2006	519	0.675
2017	2	2006	519	0.7
2017	2	2006	519	0.625
2017	2	2006	519	0.375
2017	2	2006	519	0.575
2017	2	2006	519	0.525
2017	2	2006	519	0.65
2017	2	2006	519	0.625
2017	2	2006	519	0.6
2017	2	2006	519	0.625
2017	2	2007	550	0.7
2017	2	2007	550	0.55
2017	2	2007	550	0.6
2017	2	2007	550	0.525
2017	2	2007	550	0.625
2017	2	2007	550	0.6
2017	2	2007	550	0.55
2017	2	2007	550	0.65
2017	2	2007	550	0.8
2017	2	2007	550	0.675
2017	2	2008	569	0.15
2017	2	2008	569	0.7
2017	2	2008	569	0.525
2017	2	2008	569	0.45
2017	2	2008	569	0.825
2017	2	2008	569	0.5
2017	2	2008	569	0.825
2017	2	2008	569	0.675
2017	2	2008	569	0.675
2017	2	2008	569	0.675
2017	2	2009	580	0.775
2017	2	2009	580	0.75
2017	2	2009	580	0.425
2017	2	2009	580	0.725
2017	2	2009	580	0.8
2017	2	2009	580	0.775
2017	2	2009	580	0.6
2017	2	2009	580	0.725
2017	2	2009	580	0.55
2017	2	2009	580	0.85
2017	2	2010	609	0.65
2017	2	2010	609	0.65
2017	2	2010	609	0.525
2017	2	2010	609	0.675
2017	2	2010	609	0.6
2017	2	2010	609	0.65
2017	2	2010	609	0.825
2017	2	2010	609	0.775
2017	2	2010	609	0.625
2017	2	2010	609	0.875
2017	2	2011	680	0.675
2017	2	2011	680	0.575
2017	2	2011	680	0.7
2017	2	2011	680	0.725
2017	2	2011	680	0.625
2017	2	2011	680	0.5
2017	2	2011	680	0.725
2017	2	2011	680	0.75
2017	2	2011	680	0.6
2017	2	2011	680	0.6
2017	2	2012	715	0.725
2017	2	2012	715	0.6
2017	2	2012	715	0.7
2017	2	2012	715	0.65
2017	2	2012	715	0.575
2017	2	2012	715	0.575
2017	2	2012	715	0.525
2017	2	2012	715	0.6
2017	2	2012	715	0.625
2017	2	2012	715	0.525
2017	2	2013	888	0.575
2017	2	2013	888	0.525
2017	2	2013	888	0.8
2017	2	2013	888	0.675
2017	2	2013	888	0.7
2017	2	2013	888	0.5
2017	2	2013	888	0.525
2017	2	2013	888	0.5
2017	2	2013	888	0.575
2017	2	2013	888	0.625
2017	2	2014	1304	0.775
2017	2	2014	1304	0.6
2017	2	2014	1304	0.475
2017	2	2014	1304	0.525
2017	2	2014	1304	0.725
2017	2	2014	1304	0.525
2017	2	2014	1304	0.425
2017	2	2014	1304	0.45
2017	2	2014	1304	0.575
2017	2	2014	1304	0.325
2017	2	2015	1307	0.675
2017	2	2015	1307	0.45
2017	2	2015	1307	0.5
2017	2	2015	1307	0.425
2017	2	2015	1307	0.55
2017	2	2015	1307	0.65
2017	2	2015	1307	0.7
2017	2	2015	1307	0.35
2017	2	2015	1307	0.35
2017	2	2015	1307	0.5
2017	2	2016	1307	0.475
2017	2	2016	1307	0.55
2017	2	2016	1307	0.5
2017	2	2016	1307	0.575
2017	2	2016	1307	0.375
2017	2	2016	1307	0.725
2017	2	2016	1307	0.5
2017	2	2016	1307	0.375
2017	2	2016	1307	0.425
2017	2	2016	1307	0.5
2017	2	2017	1309	0.525
2017	2	2017	1309	0.725
2017	2	2017	1309	0.475
2017	2	2017	1309	0.6
2017	2	2017	1309	0.525
2017	2	2017	1309	0.75
2017	2	2017	1309	0.725
2017	2	2017	1309	0.5
2017	2	2017	1309	0.425
2017	2	2017	1309	0.675
2017	2	2018	1310	0.625
2017	2	2018	1310	0.75
2017	2	2018	1310	0.475
2017	2	2018	1310	0.775
2017	2	2018	1310	0.425
2017	2	2018	1310	0.55
2017	2	2018	1310	0.525
2017	2	2018	1310	0.775
2017	2	2018	1310	0.55
2017	2	2018	1310	0.625
2017	2	2019	1310	0.625
2017	2	2019	1310	0.625
2017	2	2019	1310	0.5
2017	2	2019	1310	0.725
2017	2	2019	1310	0.575
2017	2	2019	1310	0.4
2017	2	2019	1310	0.6
2017	2	2019	1310	0.675
2017	2	2019	1310	0.85
2017	2	2019	1310	0.625
2018	1	2005	416	0.75
2018	1	2005	416	0.95
2018	1	2005	416	0.85
2018	1	2005	416	0.8
2018	1	2005	416	1
2018	1	2005	416	0.75
2018	1	2005	416	0.8
2018	1	2005	416	1
2018	1	2005	416	0.95
2018	1	2005	416	1
2018	1	2006	519	0.9
2018	1	2006	519	0.75
2018	1	2006	519	0.9
2018	1	2006	519	0.6
2018	1	2006	519	0.8
2018	1	2006	519	0.8
2018	1	2006	519	0.95
2018	1	2006	519	0.75
2018	1	2006	519	0.9
2018	1	2006	519	0.8
2018	1	2007	550	0.9
2018	1	2007	550	0.9
2018	1	2007	550	0.85
2018	1	2007	550	0.8
2018	1	2007	550	0.9
2018	1	2007	550	0.95
2018	1	2007	550	0.9
2018	1	2007	550	0.95
2018	1	2007	550	1
2018	1	2007	550	0.9
2018	1	2008	569	0.9
2018	1	2008	569	1
2018	1	2008	569	1
2018	1	2008	569	0.8
2018	1	2008	569	0.95
2018	1	2008	569	0.9
2018	1	2008	569	0.95
2018	1	2008	569	0.95
2018	1	2008	569	1
2018	1	2008	569	0.95
2018	1	2009	580	0.95
2018	1	2009	580	0.95
2018	1	2009	580	0.9
2018	1	2009	580	1
2018	1	2009	580	1
2018	1	2009	580	1
2018	1	2009	580	1
2018	1	2009	580	1
2018	1	2009	580	1
2018	1	2009	580	1
2018	1	2010	609	1
2018	1	2010	609	1
2018	1	2010	609	0.9
2018	1	2010	609	1
2018	1	2010	609	1
2018	1	2010	609	1
2018	1	2010	609	0.95
2018	1	2010	609	1
2018	1	2010	609	1
2018	1	2010	609	1
2018	1	2011	680	1
2018	1	2011	680	1
2018	1	2011	680	1
2018	1	2011	680	0.9
2018	1	2011	680	1
2018	1	2011	680	1
2018	1	2011	680	0.7
2018	1	2011	680	1
2018	1	2011	680	1
2018	1	2011	680	1
2018	1	2012	715	1
2018	1	2012	715	1
2018	1	2012	715	1
2018	1	2012	715	1
2018	1	2012	715	1
2018	1	2012	715	0.7
2018	1	2012	715	0.85
2018	1	2012	715	1
2018	1	2012	715	0.85
2018	1	2012	715	0.9
2018	1	2013	888	1
2018	1	2013	888	1
2018	1	2013	888	1
2018	1	2013	888	1
2018	1	2013	888	1
2018	1	2013	888	1
2018	1	2013	888	1
2018	1	2013	888	1
2018	1	2013	888	1
2018	1	2013	888	1
2018	1	2014	1304	1
2018	1	2014	1304	1
2018	1	2014	1304	1
2018	1	2014	1304	1
2018	1	2014	1304	1
2018	1	2014	1304	1
2018	1	2014	1304	1
2018	1	2014	1304	1
2018	1	2014	1304	1
2018	1	2014	1304	1
2018	1	2015	1307	1
2018	1	2015	1307	1
2018	1	2015	1307	1
2018	1	2015	1307	1
2018	1	2015	1307	1
2018	1	2015	1307	1
2018	1	2015	1307	1
2018	1	2015	1307	1
2018	1	2015	1307	1
2018	1	2015	1307	1
2018	1	2016	1307	1
2018	1	2016	1307	1
2018	1	2016	1307	1
2018	1	2016	1307	1
2018	1	2016	1307	1
2018	1	2016	1307	1
2018	1	2016	1307	1
2018	1	2016	1307	1
2018	1	2016	1307	1
2018	1	2016	1307	1
2018	1	2017	1309	1
2018	1	2017	1309	1
2018	1	2017	1309	1
2018	1	2017	1309	1
2018	1	2017	1309	1
2018	1	2017	1309	1
2018	1	2017	1309	1
2018	1	2017	1309	1
2018	1	2017	1309	1
2018	1	2017	1309	1
2018	1	2018	1310	1
2018	1	2018	1310	1
2018	1	2018	1310	1
2018	1	2018	1310	1
2018	1	2018	1310	1
2018	1	2018	1310	1
2018	1	2018	1310	1
2018	1	2018	1310	1
2018	1	2018	1310	1
2018	1	2018	1310	1
2018	1	2019	1310	1
2018	1	2019	1310	1
2018	1	2019	1310	1
2018	1	2019	1310	1
2018	1	2019	1310	1
2018	1	2019	1310	1
2018	1	2019	1310	1
2018	1	2019	1310	1
2018	1	2019	1310	1
2018	1	2019	1310	1
