coverage.against.year	num.seqs.against.year	design.up.to.year	num.seqs.up.to.year	coverage
upto2012	24	2005	18	0.897917
upto2012	24	2005	18	0.847917
upto2012	24	2005	18	0.85625
upto2012	24	2005	18	0.85625
upto2012	24	2005	18	0.864583
upto2012	24	2005	18	0.820833
upto2012	24	2005	18	0.847917
upto2012	24	2005	18	0.85625
upto2012	24	2005	18	0.858333
upto2012	24	2005	18	0.833333
upto2012	24	2006	19	0.98125
upto2012	24	2006	19	0.8375
upto2012	24	2006	19	0.983333
upto2012	24	2006	19	0.975
upto2012	24	2006	19	0.9875
upto2012	24	2006	19	0.977083
upto2012	24	2006	19	0.866667
upto2012	24	2006	19	0.979167
upto2012	24	2006	19	0.98125
upto2012	24	2006	19	0.860417
upto2012	24	2007	20	0.983333
upto2012	24	2007	20	0.854167
upto2012	24	2007	20	0.945833
upto2012	24	2007	20	0.98125
upto2012	24	2007	20	0.960417
upto2012	24	2007	20	0.983333
upto2012	24	2007	20	0.935417
upto2012	24	2007	20	0.991667
upto2012	24	2007	20	0.9625
upto2012	24	2007	20	0.9875
upto2012	24	2008	20	0.975
upto2012	24	2008	20	0.972917
upto2012	24	2008	20	0.985417
upto2012	24	2008	20	0.966667
upto2012	24	2008	20	0.979167
upto2012	24	2008	20	0.975
upto2012	24	2008	20	0.952083
upto2012	24	2008	20	0.810417
upto2012	24	2008	20	0.972917
upto2012	24	2008	20	0.9625
upto2012	24	2009	20	0.985417
upto2012	24	2009	20	0.9625
upto2012	24	2009	20	0.9875
upto2012	24	2009	20	0.964583
upto2012	24	2009	20	0.98125
upto2012	24	2009	20	0.972917
upto2012	24	2009	20	0.96875
upto2012	24	2009	20	0.977083
upto2012	24	2009	20	0.99375
upto2012	24	2009	20	0.83125
upto2012	24	2010	23	0.985417
upto2012	24	2010	23	0.860417
upto2012	24	2010	23	0.9875
upto2012	24	2010	23	0.99375
upto2012	24	2010	23	0.979167
upto2012	24	2010	23	0.991667
upto2012	24	2010	23	0.98125
upto2012	24	2010	23	0.983333
upto2012	24	2010	23	0.979167
upto2012	24	2010	23	0.99375
upto2012	24	2011	23	0.99375
upto2012	24	2011	23	0.997917
upto2012	24	2011	23	0.995833
upto2012	24	2011	23	0.99375
upto2012	24	2011	23	0.99375
upto2012	24	2011	23	0.972917
upto2012	24	2011	23	0.995833
upto2012	24	2011	23	0.99375
upto2012	24	2011	23	0.995833
upto2012	24	2011	23	0.983333
upto2012	24	2012	24	0.983333
upto2012	24	2012	24	0.99375
upto2012	24	2012	24	0.991667
upto2012	24	2012	24	0.977083
upto2012	24	2012	24	0.96875
upto2012	24	2012	24	0.985417
upto2012	24	2012	24	0.966667
upto2012	24	2012	24	0.989583
upto2012	24	2012	24	0.99375
upto2012	24	2012	24	0.995833
upto2012	24	2013	36	0.983333
upto2012	24	2013	36	0.985417
upto2012	24	2013	36	0.970833
upto2012	24	2013	36	0.970833
upto2012	24	2013	36	0.997917
upto2012	24	2013	36	0.95
upto2012	24	2013	36	1
upto2012	24	2013	36	0.99375
upto2012	24	2013	36	0.979167
upto2012	24	2013	36	0.95625
upto2012	24	2014	49	0.991667
upto2012	24	2014	49	0.991667
upto2012	24	2014	49	0.98125
upto2012	24	2014	49	0.977083
upto2012	24	2014	49	0.94375
upto2012	24	2014	49	0.98125
upto2012	24	2014	49	0.964583
upto2012	24	2014	49	0.983333
upto2012	24	2014	49	1
upto2012	24	2014	49	0.985417
upto2012	24	2015	118	0.945833
upto2012	24	2015	118	0.96875
upto2012	24	2015	118	0.939583
upto2012	24	2015	118	0.94375
upto2012	24	2015	118	0.96875
upto2012	24	2015	118	0.958333
upto2012	24	2015	118	0.958333
upto2012	24	2015	118	0.939583
upto2012	24	2015	118	0.93125
upto2012	24	2015	118	0.94375
upto2012	24	2016	569	0.95
upto2012	24	2016	569	0.889583
upto2012	24	2016	569	0.829167
upto2012	24	2016	569	0.872917
upto2012	24	2016	569	0.895833
upto2012	24	2016	569	0.935417
upto2012	24	2016	569	0.9375
upto2012	24	2016	569	0.935417
upto2012	24	2016	569	0.854167
upto2012	24	2016	569	0.858333
upto2012	24	2017	579	0.854167
upto2012	24	2017	579	0.889583
upto2012	24	2017	579	0.814583
upto2012	24	2017	579	0.822917
upto2012	24	2017	579	0.95
upto2012	24	2017	579	0.93125
upto2012	24	2017	579	0.9375
upto2012	24	2017	579	0.833333
upto2012	24	2017	579	0.910417
upto2012	24	2017	579	0.914583
upto2012	24	2018	580	0.91875
upto2012	24	2018	580	0.925
upto2012	24	2018	580	0.933333
upto2012	24	2018	580	0.84375
upto2012	24	2018	580	0.9375
upto2012	24	2018	580	0.933333
upto2012	24	2018	580	0.685417
upto2012	24	2018	580	0.935417
upto2012	24	2018	580	0.854167
upto2012	24	2018	580	0.908333
upto2012	24	2019	580	0.929167
upto2012	24	2019	580	0.95
upto2012	24	2019	580	0.914583
upto2012	24	2019	580	0.739583
upto2012	24	2019	580	0.941667
upto2012	24	2019	580	0.802083
upto2012	24	2019	580	0.9375
upto2012	24	2019	580	0.922917
upto2012	24	2019	580	0.883333
upto2012	24	2019	580	0.895833
2006	1	2005	18	0.65
2006	1	2005	18	0.4
2006	1	2005	18	0.5
2006	1	2005	18	0.55
2006	1	2005	18	0.45
2006	1	2005	18	0.4
2006	1	2005	18	0.4
2006	1	2005	18	0.4
2006	1	2005	18	0.45
2006	1	2005	18	0.4
2006	1	2006	19	1
2006	1	2006	19	0.4
2006	1	2006	19	1
2006	1	2006	19	1
2006	1	2006	19	1
2006	1	2006	19	1
2006	1	2006	19	0.5
2006	1	2006	19	1
2006	1	2006	19	1
2006	1	2006	19	0.45
2006	1	2007	20	1
2006	1	2007	20	0.45
2006	1	2007	20	0.8
2006	1	2007	20	1
2006	1	2007	20	1
2006	1	2007	20	1
2006	1	2007	20	0.75
2006	1	2007	20	1
2006	1	2007	20	0.85
2006	1	2007	20	1
2006	1	2008	20	1
2006	1	2008	20	1
2006	1	2008	20	1
2006	1	2008	20	1
2006	1	2008	20	1
2006	1	2008	20	1
2006	1	2008	20	0.85
2006	1	2008	20	0.3
2006	1	2008	20	1
2006	1	2008	20	1
2006	1	2009	20	0.9
2006	1	2009	20	1
2006	1	2009	20	1
2006	1	2009	20	0.8
2006	1	2009	20	1
2006	1	2009	20	1
2006	1	2009	20	0.85
2006	1	2009	20	1
2006	1	2009	20	1
2006	1	2009	20	0.45
2006	1	2010	23	1
2006	1	2010	23	0.45
2006	1	2010	23	1
2006	1	2010	23	1
2006	1	2010	23	0.9
2006	1	2010	23	1
2006	1	2010	23	1
2006	1	2010	23	1
2006	1	2010	23	0.9
2006	1	2010	23	0.95
2006	1	2011	23	1
2006	1	2011	23	1
2006	1	2011	23	1
2006	1	2011	23	1
2006	1	2011	23	0.95
2006	1	2011	23	1
2006	1	2011	23	1
2006	1	2011	23	1
2006	1	2011	23	1
2006	1	2011	23	1
2006	1	2012	24	1
2006	1	2012	24	1
2006	1	2012	24	1
2006	1	2012	24	1
2006	1	2012	24	0.95
2006	1	2012	24	1
2006	1	2012	24	1
2006	1	2012	24	1
2006	1	2012	24	1
2006	1	2012	24	1
2006	1	2013	36	1
2006	1	2013	36	0.95
2006	1	2013	36	1
2006	1	2013	36	0.95
2006	1	2013	36	1
2006	1	2013	36	1
2006	1	2013	36	1
2006	1	2013	36	1
2006	1	2013	36	1
2006	1	2013	36	1
2006	1	2014	49	1
2006	1	2014	49	1
2006	1	2014	49	1
2006	1	2014	49	1
2006	1	2014	49	1
2006	1	2014	49	1
2006	1	2014	49	1
2006	1	2014	49	1
2006	1	2014	49	1
2006	1	2014	49	1
2006	1	2015	118	1
2006	1	2015	118	1
2006	1	2015	118	1
2006	1	2015	118	1
2006	1	2015	118	1
2006	1	2015	118	1
2006	1	2015	118	1
2006	1	2015	118	1
2006	1	2015	118	1
2006	1	2015	118	1
2006	1	2016	569	1
2006	1	2016	569	1
2006	1	2016	569	1
2006	1	2016	569	1
2006	1	2016	569	1
2006	1	2016	569	1
2006	1	2016	569	1
2006	1	2016	569	1
2006	1	2016	569	1
2006	1	2016	569	1
2006	1	2017	579	1
2006	1	2017	579	1
2006	1	2017	579	1
2006	1	2017	579	1
2006	1	2017	579	0.95
2006	1	2017	579	1
2006	1	2017	579	1
2006	1	2017	579	1
2006	1	2017	579	1
2006	1	2017	579	0.95
2006	1	2018	580	0.95
2006	1	2018	580	1
2006	1	2018	580	1
2006	1	2018	580	1
2006	1	2018	580	1
2006	1	2018	580	1
2006	1	2018	580	1
2006	1	2018	580	1
2006	1	2018	580	0.95
2006	1	2018	580	1
2006	1	2019	580	1
2006	1	2019	580	1
2006	1	2019	580	0.95
2006	1	2019	580	1
2006	1	2019	580	1
2006	1	2019	580	1
2006	1	2019	580	0.95
2006	1	2019	580	1
2006	1	2019	580	1
2006	1	2019	580	1
2007	1	2005	18	0.55
2007	1	2005	18	0.35
2007	1	2005	18	0.4
2007	1	2005	18	0.45
2007	1	2005	18	0.45
2007	1	2005	18	0.3
2007	1	2005	18	0.35
2007	1	2005	18	0.45
2007	1	2005	18	0.45
2007	1	2005	18	0.35
2007	1	2006	19	0.9
2007	1	2006	19	0.35
2007	1	2006	19	0.85
2007	1	2006	19	0.8
2007	1	2006	19	0.8
2007	1	2006	19	0.75
2007	1	2006	19	0.4
2007	1	2006	19	0.95
2007	1	2006	19	0.95
2007	1	2006	19	0.45
2007	1	2007	20	0.75
2007	1	2007	20	0.4
2007	1	2007	20	1
2007	1	2007	20	0.8
2007	1	2007	20	0.75
2007	1	2007	20	1
2007	1	2007	20	1
2007	1	2007	20	1
2007	1	2007	20	1
2007	1	2007	20	0.85
2007	1	2008	20	1
2007	1	2008	20	0.9
2007	1	2008	20	1
2007	1	2008	20	0.8
2007	1	2008	20	0.85
2007	1	2008	20	0.75
2007	1	2008	20	1
2007	1	2008	20	0.35
2007	1	2008	20	0.75
2007	1	2008	20	0.85
2007	1	2009	20	1
2007	1	2009	20	0.8
2007	1	2009	20	0.9
2007	1	2009	20	1
2007	1	2009	20	0.9
2007	1	2009	20	0.85
2007	1	2009	20	1
2007	1	2009	20	0.95
2007	1	2009	20	1
2007	1	2009	20	0.35
2007	1	2010	23	1
2007	1	2010	23	0.35
2007	1	2010	23	0.95
2007	1	2010	23	1
2007	1	2010	23	1
2007	1	2010	23	1
2007	1	2010	23	0.8
2007	1	2010	23	0.95
2007	1	2010	23	1
2007	1	2010	23	1
2007	1	2011	23	1
2007	1	2011	23	1
2007	1	2011	23	1
2007	1	2011	23	1
2007	1	2011	23	0.95
2007	1	2011	23	0.8
2007	1	2011	23	1
2007	1	2011	23	1
2007	1	2011	23	0.95
2007	1	2011	23	0.9
2007	1	2012	24	1
2007	1	2012	24	1
2007	1	2012	24	1
2007	1	2012	24	0.9
2007	1	2012	24	0.85
2007	1	2012	24	0.85
2007	1	2012	24	0.75
2007	1	2012	24	1
2007	1	2012	24	1
2007	1	2012	24	0.95
2007	1	2013	36	1
2007	1	2013	36	1
2007	1	2013	36	1
2007	1	2013	36	1
2007	1	2013	36	1
2007	1	2013	36	1
2007	1	2013	36	1
2007	1	2013	36	1
2007	1	2013	36	1
2007	1	2013	36	1
2007	1	2014	49	1
2007	1	2014	49	1
2007	1	2014	49	1
2007	1	2014	49	1
2007	1	2014	49	1
2007	1	2014	49	1
2007	1	2014	49	1
2007	1	2014	49	1
2007	1	2014	49	1
2007	1	2014	49	1
2007	1	2015	118	1
2007	1	2015	118	1
2007	1	2015	118	1
2007	1	2015	118	1
2007	1	2015	118	1
2007	1	2015	118	1
2007	1	2015	118	1
2007	1	2015	118	1
2007	1	2015	118	0.95
2007	1	2015	118	1
2007	1	2016	569	1
2007	1	2016	569	0.95
2007	1	2016	569	0.95
2007	1	2016	569	0.95
2007	1	2016	569	0.9
2007	1	2016	569	0.95
2007	1	2016	569	1
2007	1	2016	569	1
2007	1	2016	569	0.95
2007	1	2016	569	1
2007	1	2017	579	1
2007	1	2017	579	0.95
2007	1	2017	579	0.95
2007	1	2017	579	1
2007	1	2017	579	1
2007	1	2017	579	0.95
2007	1	2017	579	1
2007	1	2017	579	0.95
2007	1	2017	579	1
2007	1	2017	579	0.95
2007	1	2018	580	1
2007	1	2018	580	0.95
2007	1	2018	580	1
2007	1	2018	580	0.95
2007	1	2018	580	1
2007	1	2018	580	1
2007	1	2018	580	1
2007	1	2018	580	0.95
2007	1	2018	580	0.95
2007	1	2018	580	0.95
2007	1	2019	580	0.95
2007	1	2019	580	0.95
2007	1	2019	580	1
2007	1	2019	580	0.95
2007	1	2019	580	1
2007	1	2019	580	0.95
2007	1	2019	580	1
2007	1	2019	580	0.9
2007	1	2019	580	0.9
2007	1	2019	580	0.95
2010	3	2005	18	0.65
2010	3	2005	18	0.45
2010	3	2005	18	0.55
2010	3	2005	18	0.6
2010	3	2005	18	0.5
2010	3	2005	18	0.4
2010	3	2005	18	0.4
2010	3	2005	18	0.4
2010	3	2005	18	0.45
2010	3	2005	18	0.35
2010	3	2006	19	0.95
2010	3	2006	19	0.4
2010	3	2006	19	0.95
2010	3	2006	19	0.95
2010	3	2006	19	1
2010	3	2006	19	1
2010	3	2006	19	0.5
2010	3	2006	19	0.95
2010	3	2006	19	0.95
2010	3	2006	19	0.45
2010	3	2007	20	1
2010	3	2007	20	0.4
2010	3	2007	20	0.8
2010	3	2007	20	1
2010	3	2007	20	0.95
2010	3	2007	20	0.95
2010	3	2007	20	0.7
2010	3	2007	20	1
2010	3	2007	20	0.85
2010	3	2007	20	1
2010	3	2008	20	0.9
2010	3	2008	20	0.85
2010	3	2008	20	0.95
2010	3	2008	20	0.9
2010	3	2008	20	0.95
2010	3	2008	20	1
2010	3	2008	20	0.75
2010	3	2008	20	0.3
2010	3	2008	20	1
2010	3	2008	20	0.9
2010	3	2009	20	0.95
2010	3	2009	20	0.9
2010	3	2009	20	1
2010	3	2009	20	0.9
2010	3	2009	20	0.95
2010	3	2009	20	0.9
2010	3	2009	20	0.85
2010	3	2009	20	0.9
2010	3	2009	20	1
2010	3	2009	20	0.4
2010	3	2010	23	1
2010	3	2010	23	0.45
2010	3	2010	23	1
2010	3	2010	23	1
2010	3	2010	23	0.9
2010	3	2010	23	1
2010	3	2010	23	1
2010	3	2010	23	1
2010	3	2010	23	1
2010	3	2010	23	1
2010	3	2011	23	1
2010	3	2011	23	1
2010	3	2011	23	1
2010	3	2011	23	1
2010	3	2011	23	1
2010	3	2011	23	1
2010	3	2011	23	1
2010	3	2011	23	1
2010	3	2011	23	1
2010	3	2011	23	0.95
2010	3	2012	24	1
2010	3	2012	24	1
2010	3	2012	24	1
2010	3	2012	24	0.9
2010	3	2012	24	1
2010	3	2012	24	1
2010	3	2012	24	1
2010	3	2012	24	1
2010	3	2012	24	1
2010	3	2012	24	1
2010	3	2013	36	1
2010	3	2013	36	1
2010	3	2013	36	1
2010	3	2013	36	1
2010	3	2013	36	1
2010	3	2013	36	1
2010	3	2013	36	1
2010	3	2013	36	1
2010	3	2013	36	1
2010	3	2013	36	1
2010	3	2014	49	1
2010	3	2014	49	1
2010	3	2014	49	1
2010	3	2014	49	1
2010	3	2014	49	1
2010	3	2014	49	1
2010	3	2014	49	1
2010	3	2014	49	1
2010	3	2014	49	1
2010	3	2014	49	1
2010	3	2015	118	1
2010	3	2015	118	1
2010	3	2015	118	1
2010	3	2015	118	1
2010	3	2015	118	1
2010	3	2015	118	1
2010	3	2015	118	1
2010	3	2015	118	1
2010	3	2015	118	1
2010	3	2015	118	1
2010	3	2016	569	1
2010	3	2016	569	1
2010	3	2016	569	1
2010	3	2016	569	1
2010	3	2016	569	1
2010	3	2016	569	1
2010	3	2016	569	1
2010	3	2016	569	1
2010	3	2016	569	1
2010	3	2016	569	1
2010	3	2017	579	1
2010	3	2017	579	1
2010	3	2017	579	1
2010	3	2017	579	1
2010	3	2017	579	1
2010	3	2017	579	1
2010	3	2017	579	1
2010	3	2017	579	1
2010	3	2017	579	1
2010	3	2017	579	1
2010	3	2018	580	1
2010	3	2018	580	1
2010	3	2018	580	1
2010	3	2018	580	1
2010	3	2018	580	1
2010	3	2018	580	1
2010	3	2018	580	1
2010	3	2018	580	1
2010	3	2018	580	1
2010	3	2018	580	1
2010	3	2019	580	1
2010	3	2019	580	1
2010	3	2019	580	1
2010	3	2019	580	1
2010	3	2019	580	1
2010	3	2019	580	1
2010	3	2019	580	1
2010	3	2019	580	1
2010	3	2019	580	0.95
2010	3	2019	580	1
2012	1	2005	18	0.6
2012	1	2005	18	0.45
2012	1	2005	18	0.5
2012	1	2005	18	0.55
2012	1	2005	18	0.45
2012	1	2005	18	0.4
2012	1	2005	18	0.4
2012	1	2005	18	0.55
2012	1	2005	18	0.5
2012	1	2005	18	0.4
2012	1	2006	19	0.9
2012	1	2006	19	0.4
2012	1	2006	19	0.9
2012	1	2006	19	0.95
2012	1	2006	19	0.9
2012	1	2006	19	0.85
2012	1	2006	19	0.45
2012	1	2006	19	0.85
2012	1	2006	19	0.85
2012	1	2006	19	0.5
2012	1	2007	20	0.9
2012	1	2007	20	0.45
2012	1	2007	20	0.75
2012	1	2007	20	0.85
2012	1	2007	20	0.9
2012	1	2007	20	0.8
2012	1	2007	20	0.8
2012	1	2007	20	0.85
2012	1	2007	20	0.85
2012	1	2007	20	0.85
2012	1	2008	20	0.85
2012	1	2008	20	0.9
2012	1	2008	20	1
2012	1	2008	20	0.8
2012	1	2008	20	0.9
2012	1	2008	20	0.85
2012	1	2008	20	0.85
2012	1	2008	20	0.2
2012	1	2008	20	0.85
2012	1	2008	20	0.9
2012	1	2009	20	0.9
2012	1	2009	20	0.9
2012	1	2009	20	0.8
2012	1	2009	20	0.8
2012	1	2009	20	0.85
2012	1	2009	20	1
2012	1	2009	20	0.85
2012	1	2009	20	1
2012	1	2009	20	0.9
2012	1	2009	20	0.4
2012	1	2010	23	0.9
2012	1	2010	23	0.5
2012	1	2010	23	0.95
2012	1	2010	23	0.95
2012	1	2010	23	0.95
2012	1	2010	23	0.9
2012	1	2010	23	0.95
2012	1	2010	23	0.9
2012	1	2010	23	0.95
2012	1	2010	23	1
2012	1	2011	23	0.95
2012	1	2011	23	0.95
2012	1	2011	23	1
2012	1	2011	23	0.95
2012	1	2011	23	1
2012	1	2011	23	0.85
2012	1	2011	23	0.95
2012	1	2011	23	1
2012	1	2011	23	0.95
2012	1	2011	23	0.85
2012	1	2012	24	0.85
2012	1	2012	24	1
2012	1	2012	24	1
2012	1	2012	24	1
2012	1	2012	24	1
2012	1	2012	24	1
2012	1	2012	24	0.8
2012	1	2012	24	1
2012	1	2012	24	1
2012	1	2012	24	1
2012	1	2013	36	1
2012	1	2013	36	1
2012	1	2013	36	1
2012	1	2013	36	1
2012	1	2013	36	1
2012	1	2013	36	1
2012	1	2013	36	1
2012	1	2013	36	1
2012	1	2013	36	0.9
2012	1	2013	36	1
2012	1	2014	49	1
2012	1	2014	49	1
2012	1	2014	49	1
2012	1	2014	49	1
2012	1	2014	49	1
2012	1	2014	49	1
2012	1	2014	49	1
2012	1	2014	49	1
2012	1	2014	49	1
2012	1	2014	49	1
2012	1	2015	118	1
2012	1	2015	118	1
2012	1	2015	118	0.95
2012	1	2015	118	0.95
2012	1	2015	118	1
2012	1	2015	118	1
2012	1	2015	118	0.95
2012	1	2015	118	1
2012	1	2015	118	1
2012	1	2015	118	1
2012	1	2016	569	0.95
2012	1	2016	569	1
2012	1	2016	569	1
2012	1	2016	569	1
2012	1	2016	569	1
2012	1	2016	569	1
2012	1	2016	569	0.95
2012	1	2016	569	1
2012	1	2016	569	1
2012	1	2016	569	1
2012	1	2017	579	1
2012	1	2017	579	1
2012	1	2017	579	1
2012	1	2017	579	0.95
2012	1	2017	579	1
2012	1	2017	579	1
2012	1	2017	579	1
2012	1	2017	579	1
2012	1	2017	579	0.95
2012	1	2017	579	0.95
2012	1	2018	580	0.95
2012	1	2018	580	0.9
2012	1	2018	580	1
2012	1	2018	580	0.95
2012	1	2018	580	0.95
2012	1	2018	580	1
2012	1	2018	580	1
2012	1	2018	580	1
2012	1	2018	580	0.95
2012	1	2018	580	1
2012	1	2019	580	1
2012	1	2019	580	1
2012	1	2019	580	0.95
2012	1	2019	580	0.95
2012	1	2019	580	1
2012	1	2019	580	0.95
2012	1	2019	580	1
2012	1	2019	580	0.95
2012	1	2019	580	1
2012	1	2019	580	0.95
2013	12	2005	18	0.608333
2013	12	2005	18	0.408333
2013	12	2005	18	0.441667
2013	12	2005	18	0.5125
2013	12	2005	18	0.395833
2013	12	2005	18	0.366667
2013	12	2005	18	0.429167
2013	12	2005	18	0.4
2013	12	2005	18	0.416667
2013	12	2005	18	0.454167
2013	12	2006	19	0.9125
2013	12	2006	19	0.341667
2013	12	2006	19	0.9625
2013	12	2006	19	0.758333
2013	12	2006	19	0.829167
2013	12	2006	19	0.8375
2013	12	2006	19	0.395833
2013	12	2006	19	0.958333
2013	12	2006	19	0.925
2013	12	2006	19	0.4
2013	12	2007	20	0.816667
2013	12	2007	20	0.383333
2013	12	2007	20	0.85
2013	12	2007	20	0.820833
2013	12	2007	20	0.795833
2013	12	2007	20	0.9625
2013	12	2007	20	0.729167
2013	12	2007	20	0.858333
2013	12	2007	20	0.829167
2013	12	2007	20	0.854167
2013	12	2008	20	0.875
2013	12	2008	20	0.929167
2013	12	2008	20	0.866667
2013	12	2008	20	0.8875
2013	12	2008	20	0.833333
2013	12	2008	20	0.845833
2013	12	2008	20	0.770833
2013	12	2008	20	0.2875
2013	12	2008	20	0.858333
2013	12	2008	20	0.891667
2013	12	2009	20	0.879167
2013	12	2009	20	0.804167
2013	12	2009	20	0.829167
2013	12	2009	20	0.8
2013	12	2009	20	0.8875
2013	12	2009	20	0.804167
2013	12	2009	20	0.7375
2013	12	2009	20	0.85
2013	12	2009	20	0.920833
2013	12	2009	20	0.333333
2013	12	2010	23	0.916667
2013	12	2010	23	0.429167
2013	12	2010	23	0.866667
2013	12	2010	23	0.925
2013	12	2010	23	0.85
2013	12	2010	23	0.870833
2013	12	2010	23	0.833333
2013	12	2010	23	0.891667
2013	12	2010	23	0.866667
2013	12	2010	23	0.866667
2013	12	2011	23	0.9375
2013	12	2011	23	0.958333
2013	12	2011	23	0.9
2013	12	2011	23	0.883333
2013	12	2011	23	0.904167
2013	12	2011	23	0.833333
2013	12	2011	23	0.941667
2013	12	2011	23	0.875
2013	12	2011	23	0.908333
2013	12	2011	23	0.8875
2013	12	2012	24	0.758333
2013	12	2012	24	0.8875
2013	12	2012	24	0.95
2013	12	2012	24	0.866667
2013	12	2012	24	0.791667
2013	12	2012	24	0.8125
2013	12	2012	24	0.791667
2013	12	2012	24	0.779167
2013	12	2012	24	0.8375
2013	12	2012	24	0.904167
2013	12	2013	36	1
2013	12	2013	36	1
2013	12	2013	36	0.995833
2013	12	2013	36	0.995833
2013	12	2013	36	1
2013	12	2013	36	1
2013	12	2013	36	1
2013	12	2013	36	0.995833
2013	12	2013	36	0.9875
2013	12	2013	36	0.995833
2013	12	2014	49	1
2013	12	2014	49	1
2013	12	2014	49	1
2013	12	2014	49	1
2013	12	2014	49	1
2013	12	2014	49	0.995833
2013	12	2014	49	1
2013	12	2014	49	1
2013	12	2014	49	1
2013	12	2014	49	1
2013	12	2015	118	1
2013	12	2015	118	1
2013	12	2015	118	1
2013	12	2015	118	1
2013	12	2015	118	1
2013	12	2015	118	1
2013	12	2015	118	1
2013	12	2015	118	1
2013	12	2015	118	1
2013	12	2015	118	1
2013	12	2016	569	0.995833
2013	12	2016	569	1
2013	12	2016	569	1
2013	12	2016	569	1
2013	12	2016	569	0.995833
2013	12	2016	569	1
2013	12	2016	569	0.995833
2013	12	2016	569	0.995833
2013	12	2016	569	1
2013	12	2016	569	0.991667
2013	12	2017	579	1
2013	12	2017	579	0.991667
2013	12	2017	579	1
2013	12	2017	579	0.995833
2013	12	2017	579	0.991667
2013	12	2017	579	1
2013	12	2017	579	0.995833
2013	12	2017	579	0.995833
2013	12	2017	579	0.995833
2013	12	2017	579	0.995833
2013	12	2018	580	0.991667
2013	12	2018	580	1
2013	12	2018	580	1
2013	12	2018	580	0.995833
2013	12	2018	580	1
2013	12	2018	580	0.995833
2013	12	2018	580	0.995833
2013	12	2018	580	0.995833
2013	12	2018	580	0.995833
2013	12	2018	580	1
2013	12	2019	580	0.995833
2013	12	2019	580	0.9875
2013	12	2019	580	1
2013	12	2019	580	0.991667
2013	12	2019	580	1
2013	12	2019	580	1
2013	12	2019	580	0.9875
2013	12	2019	580	0.995833
2013	12	2019	580	0.995833
2013	12	2019	580	1
2014	13	2005	18	0.592308
2014	13	2005	18	0.4
2014	13	2005	18	0.442308
2014	13	2005	18	0.488462
2014	13	2005	18	0.4
2014	13	2005	18	0.342308
2014	13	2005	18	0.438462
2014	13	2005	18	0.403846
2014	13	2005	18	0.407692
2014	13	2005	18	0.442308
2014	13	2006	19	0.938462
2014	13	2006	19	0.35
2014	13	2006	19	0.984615
2014	13	2006	19	0.780769
2014	13	2006	19	0.826923
2014	13	2006	19	0.819231
2014	13	2006	19	0.403846
2014	13	2006	19	0.938462
2014	13	2006	19	0.942308
2014	13	2006	19	0.4
2014	13	2007	20	0.826923
2014	13	2007	20	0.396154
2014	13	2007	20	0.788462
2014	13	2007	20	0.838462
2014	13	2007	20	0.788462
2014	13	2007	20	0.953846
2014	13	2007	20	0.7
2014	13	2007	20	0.865385
2014	13	2007	20	0.85
2014	13	2007	20	0.884615
2014	13	2008	20	0.857692
2014	13	2008	20	0.953846
2014	13	2008	20	0.880769
2014	13	2008	20	0.857692
2014	13	2008	20	0.838462
2014	13	2008	20	0.834615
2014	13	2008	20	0.75
2014	13	2008	20	0.296154
2014	13	2008	20	0.888462
2014	13	2008	20	0.903846
2014	13	2009	20	0.846154
2014	13	2009	20	0.811538
2014	13	2009	20	0.884615
2014	13	2009	20	0.853846
2014	13	2009	20	0.907692
2014	13	2009	20	0.803846
2014	13	2009	20	0.765385
2014	13	2009	20	0.823077
2014	13	2009	20	0.907692
2014	13	2009	20	0.346154
2014	13	2010	23	0.911538
2014	13	2010	23	0.442308
2014	13	2010	23	0.926923
2014	13	2010	23	0.969231
2014	13	2010	23	0.888462
2014	13	2010	23	0.861538
2014	13	2010	23	0.815385
2014	13	2010	23	0.907692
2014	13	2010	23	0.896154
2014	13	2010	23	0.861538
2014	13	2011	23	0.957692
2014	13	2011	23	0.992308
2014	13	2011	23	0.903846
2014	13	2011	23	0.907692
2014	13	2011	23	0.903846
2014	13	2011	23	0.857692
2014	13	2011	23	0.938462
2014	13	2011	23	0.861538
2014	13	2011	23	0.926923
2014	13	2011	23	0.9
2014	13	2012	24	0.742308
2014	13	2012	24	0.888462
2014	13	2012	24	0.953846
2014	13	2012	24	0.865385
2014	13	2012	24	0.765385
2014	13	2012	24	0.788462
2014	13	2012	24	0.792308
2014	13	2012	24	0.780769
2014	13	2012	24	0.838462
2014	13	2012	24	0.903846
2014	13	2013	36	0.996154
2014	13	2013	36	1
2014	13	2013	36	0.988462
2014	13	2013	36	0.980769
2014	13	2013	36	1
2014	13	2013	36	1
2014	13	2013	36	1
2014	13	2013	36	1
2014	13	2013	36	0.984615
2014	13	2013	36	0.969231
2014	13	2014	49	0.996154
2014	13	2014	49	1
2014	13	2014	49	1
2014	13	2014	49	0.996154
2014	13	2014	49	1
2014	13	2014	49	1
2014	13	2014	49	1
2014	13	2014	49	1
2014	13	2014	49	1
2014	13	2014	49	1
2014	13	2015	118	1
2014	13	2015	118	1
2014	13	2015	118	1
2014	13	2015	118	1
2014	13	2015	118	1
2014	13	2015	118	1
2014	13	2015	118	1
2014	13	2015	118	1
2014	13	2015	118	1
2014	13	2015	118	1
2014	13	2016	569	1
2014	13	2016	569	1
2014	13	2016	569	0.996154
2014	13	2016	569	1
2014	13	2016	569	1
2014	13	2016	569	1
2014	13	2016	569	1
2014	13	2016	569	1
2014	13	2016	569	0.996154
2014	13	2016	569	1
2014	13	2017	579	1
2014	13	2017	579	1
2014	13	2017	579	0.996154
2014	13	2017	579	1
2014	13	2017	579	1
2014	13	2017	579	0.996154
2014	13	2017	579	1
2014	13	2017	579	1
2014	13	2017	579	1
2014	13	2017	579	1
2014	13	2018	580	1
2014	13	2018	580	1
2014	13	2018	580	1
2014	13	2018	580	1
2014	13	2018	580	1
2014	13	2018	580	0.996154
2014	13	2018	580	1
2014	13	2018	580	1
2014	13	2018	580	1
2014	13	2018	580	1
2014	13	2019	580	1
2014	13	2019	580	1
2014	13	2019	580	1
2014	13	2019	580	1
2014	13	2019	580	1
2014	13	2019	580	1
2014	13	2019	580	1
2014	13	2019	580	1
2014	13	2019	580	1
2014	13	2019	580	1
2015	69	2005	18	0.573188
2015	69	2005	18	0.410145
2015	69	2005	18	0.402899
2015	69	2005	18	0.485507
2015	69	2005	18	0.396377
2015	69	2005	18	0.323913
2015	69	2005	18	0.436232
2015	69	2005	18	0.382609
2015	69	2005	18	0.397101
2015	69	2005	18	0.426812
2015	69	2006	19	0.901449
2015	69	2006	19	0.338406
2015	69	2006	19	0.924638
2015	69	2006	19	0.707971
2015	69	2006	19	0.836232
2015	69	2006	19	0.800725
2015	69	2006	19	0.413768
2015	69	2006	19	0.938406
2015	69	2006	19	0.904348
2015	69	2006	19	0.389855
2015	69	2007	20	0.771739
2015	69	2007	20	0.384058
2015	69	2007	20	0.828986
2015	69	2007	20	0.765217
2015	69	2007	20	0.766667
2015	69	2007	20	0.947101
2015	69	2007	20	0.718116
2015	69	2007	20	0.86087
2015	69	2007	20	0.8
2015	69	2007	20	0.807246
2015	69	2008	20	0.853623
2015	69	2008	20	0.913043
2015	69	2008	20	0.86087
2015	69	2008	20	0.858696
2015	69	2008	20	0.825362
2015	69	2008	20	0.841304
2015	69	2008	20	0.769565
2015	69	2008	20	0.286232
2015	69	2008	20	0.827536
2015	69	2008	20	0.851449
2015	69	2009	20	0.818116
2015	69	2009	20	0.819565
2015	69	2009	20	0.813768
2015	69	2009	20	0.764493
2015	69	2009	20	0.853623
2015	69	2009	20	0.744928
2015	69	2009	20	0.723188
2015	69	2009	20	0.819565
2015	69	2009	20	0.911594
2015	69	2009	20	0.335507
2015	69	2010	23	0.902899
2015	69	2010	23	0.433333
2015	69	2010	23	0.855797
2015	69	2010	23	0.905797
2015	69	2010	23	0.843478
2015	69	2010	23	0.8
2015	69	2010	23	0.798551
2015	69	2010	23	0.864493
2015	69	2010	23	0.828261
2015	69	2010	23	0.781159
2015	69	2011	23	0.894203
2015	69	2011	23	0.934783
2015	69	2011	23	0.863043
2015	69	2011	23	0.849275
2015	69	2011	23	0.865217
2015	69	2011	23	0.806522
2015	69	2011	23	0.919565
2015	69	2011	23	0.837681
2015	69	2011	23	0.847101
2015	69	2011	23	0.880435
2015	69	2012	24	0.715217
2015	69	2012	24	0.857971
2015	69	2012	24	0.903623
2015	69	2012	24	0.83913
2015	69	2012	24	0.760145
2015	69	2012	24	0.788406
2015	69	2012	24	0.778261
2015	69	2012	24	0.727536
2015	69	2012	24	0.789855
2015	69	2012	24	0.863768
2015	69	2013	36	0.969565
2015	69	2013	36	0.980435
2015	69	2013	36	0.967391
2015	69	2013	36	0.928261
2015	69	2013	36	0.978261
2015	69	2013	36	0.973188
2015	69	2013	36	0.977536
2015	69	2013	36	0.977536
2015	69	2013	36	0.924638
2015	69	2013	36	0.927536
2015	69	2014	49	0.977536
2015	69	2014	49	0.982609
2015	69	2014	49	0.978261
2015	69	2014	49	0.981884
2015	69	2014	49	0.983333
2015	69	2014	49	0.985507
2015	69	2014	49	0.984783
2015	69	2014	49	0.980435
2015	69	2014	49	0.973188
2015	69	2014	49	0.978986
2015	69	2015	118	0.982609
2015	69	2015	118	0.987681
2015	69	2015	118	0.982609
2015	69	2015	118	0.984058
2015	69	2015	118	0.987681
2015	69	2015	118	0.986232
2015	69	2015	118	0.981159
2015	69	2015	118	0.985507
2015	69	2015	118	0.984058
2015	69	2015	118	0.982609
2015	69	2016	569	0.986232
2015	69	2016	569	0.988406
2015	69	2016	569	0.988406
2015	69	2016	569	0.988406
2015	69	2016	569	0.986957
2015	69	2016	569	0.988406
2015	69	2016	569	0.986957
2015	69	2016	569	0.987681
2015	69	2016	569	0.985507
2015	69	2016	569	0.984783
2015	69	2017	579	0.986957
2015	69	2017	579	0.984783
2015	69	2017	579	0.986957
2015	69	2017	579	0.985507
2015	69	2017	579	0.984783
2015	69	2017	579	0.988406
2015	69	2017	579	0.986957
2015	69	2017	579	0.986957
2015	69	2017	579	0.987681
2015	69	2017	579	0.986232
2015	69	2018	580	0.984783
2015	69	2018	580	0.988406
2015	69	2018	580	0.986957
2015	69	2018	580	0.984783
2015	69	2018	580	0.984783
2015	69	2018	580	0.988406
2015	69	2018	580	0.982609
2015	69	2018	580	0.98913
2015	69	2018	580	0.987681
2015	69	2018	580	0.985507
2015	69	2019	580	0.987681
2015	69	2019	580	0.98913
2015	69	2019	580	0.985507
2015	69	2019	580	0.984783
2015	69	2019	580	0.98913
2015	69	2019	580	0.984058
2015	69	2019	580	0.987681
2015	69	2019	580	0.987681
2015	69	2019	580	0.988406
2015	69	2019	580	0.984058
2016	451	2005	18	0.537251
2016	451	2005	18	0.38337
2016	451	2005	18	0.424279
2016	451	2005	18	0.470067
2016	451	2005	18	0.395011
2016	451	2005	18	0.336253
2016	451	2005	18	0.414856
2016	451	2005	18	0.372949
2016	451	2005	18	0.429823
2016	451	2005	18	0.418514
2016	451	2006	19	0.870399
2016	451	2006	19	0.355543
2016	451	2006	19	0.914967
2016	451	2006	19	0.720288
2016	451	2006	19	0.810421
2016	451	2006	19	0.780931
2016	451	2006	19	0.408093
2016	451	2006	19	0.903659
2016	451	2006	19	0.885809
2016	451	2006	19	0.355322
2016	451	2007	20	0.782373
2016	451	2007	20	0.379379
2016	451	2007	20	0.790244
2016	451	2007	20	0.791353
2016	451	2007	20	0.74878
2016	451	2007	20	0.922727
2016	451	2007	20	0.682816
2016	451	2007	20	0.834479
2016	451	2007	20	0.799335
2016	451	2007	20	0.808315
2016	451	2008	20	0.832594
2016	451	2008	20	0.886585
2016	451	2008	20	0.849446
2016	451	2008	20	0.822727
2016	451	2008	20	0.796231
2016	451	2008	20	0.800776
2016	451	2008	20	0.712306
2016	451	2008	20	0.276718
2016	451	2008	20	0.828936
2016	451	2008	20	0.830044
2016	451	2009	20	0.81153
2016	451	2009	20	0.778825
2016	451	2009	20	0.818736
2016	451	2009	20	0.773171
2016	451	2009	20	0.844013
2016	451	2009	20	0.714967
2016	451	2009	20	0.720067
2016	451	2009	20	0.791685
2016	451	2009	20	0.878049
2016	451	2009	20	0.320843
2016	451	2010	23	0.875499
2016	451	2010	23	0.408204
2016	451	2010	23	0.842572
2016	451	2010	23	0.886807
2016	451	2010	23	0.822838
2016	451	2010	23	0.8398
2016	451	2010	23	0.800222
2016	451	2010	23	0.864634
2016	451	2010	23	0.824169
2016	451	2010	23	0.823282
2016	451	2011	23	0.89357
2016	451	2011	23	0.93459
2016	451	2011	23	0.842018
2016	451	2011	23	0.855876
2016	451	2011	23	0.842905
2016	451	2011	23	0.803769
2016	451	2011	23	0.880155
2016	451	2011	23	0.815521
2016	451	2011	23	0.855322
2016	451	2011	23	0.860865
2016	451	2012	24	0.704545
2016	451	2012	24	0.853991
2016	451	2012	24	0.906541
2016	451	2012	24	0.816519
2016	451	2012	24	0.710421
2016	451	2012	24	0.764302
2016	451	2012	24	0.756541
2016	451	2012	24	0.768847
2016	451	2012	24	0.782151
2016	451	2012	24	0.861308
2016	451	2013	36	0.955543
2016	451	2013	36	0.962417
2016	451	2013	36	0.953215
2016	451	2013	36	0.931042
2016	451	2013	36	0.958537
2016	451	2013	36	0.962084
2016	451	2013	36	0.958537
2016	451	2013	36	0.959978
2016	451	2013	36	0.90388
2016	451	2013	36	0.929379
2016	451	2014	49	0.957206
2016	451	2014	49	0.96408
2016	451	2014	49	0.958869
2016	451	2014	49	0.963082
2016	451	2014	49	0.971397
2016	451	2014	49	0.966851
2016	451	2014	49	0.967627
2016	451	2014	49	0.966075
2016	451	2014	49	0.948559
2016	451	2014	49	0.96153
2016	451	2015	118	0.969512
2016	451	2015	118	0.972173
2016	451	2015	118	0.969623
2016	451	2015	118	0.970288
2016	451	2015	118	0.971619
2016	451	2015	118	0.965188
2016	451	2015	118	0.967406
2016	451	2015	118	0.963525
2016	451	2015	118	0.969734
2016	451	2015	118	0.971397
2016	451	2016	569	0.980044
2016	451	2016	569	0.977938
2016	451	2016	569	0.976497
2016	451	2016	569	0.977273
2016	451	2016	569	0.980044
2016	451	2016	569	0.977716
2016	451	2016	569	0.978271
2016	451	2016	569	0.98071
2016	451	2016	569	0.976829
2016	451	2016	569	0.978271
2016	451	2017	579	0.981596
2016	451	2017	579	0.979268
2016	451	2017	579	0.976829
2016	451	2017	579	0.978049
2016	451	2017	579	0.979157
2016	451	2017	579	0.98071
2016	451	2017	579	0.980931
2016	451	2017	579	0.978825
2016	451	2017	579	0.982594
2016	451	2017	579	0.979933
2016	451	2018	580	0.979933
2016	451	2018	580	0.980377
2016	451	2018	580	0.976053
2016	451	2018	580	0.976608
2016	451	2018	580	0.977827
2016	451	2018	580	0.98071
2016	451	2018	580	0.976497
2016	451	2018	580	0.980044
2016	451	2018	580	0.977494
2016	451	2018	580	0.979601
2016	451	2019	580	0.978271
2016	451	2019	580	0.981264
2016	451	2019	580	0.977384
2016	451	2019	580	0.978603
2016	451	2019	580	0.979933
2016	451	2019	580	0.977162
2016	451	2019	580	0.979823
2016	451	2019	580	0.979712
2016	451	2019	580	0.980599
2016	451	2019	580	0.975388
2017	10	2005	18	0.535
2017	10	2005	18	0.4
2017	10	2005	18	0.445
2017	10	2005	18	0.475
2017	10	2005	18	0.395
2017	10	2005	18	0.345
2017	10	2005	18	0.41
2017	10	2005	18	0.345
2017	10	2005	18	0.45
2017	10	2005	18	0.43
2017	10	2006	19	0.85
2017	10	2006	19	0.355
2017	10	2006	19	0.915
2017	10	2006	19	0.695
2017	10	2006	19	0.805
2017	10	2006	19	0.775
2017	10	2006	19	0.415
2017	10	2006	19	0.885
2017	10	2006	19	0.895
2017	10	2006	19	0.34
2017	10	2007	20	0.76
2017	10	2007	20	0.37
2017	10	2007	20	0.785
2017	10	2007	20	0.805
2017	10	2007	20	0.75
2017	10	2007	20	0.9
2017	10	2007	20	0.675
2017	10	2007	20	0.825
2017	10	2007	20	0.795
2017	10	2007	20	0.795
2017	10	2008	20	0.845
2017	10	2008	20	0.89
2017	10	2008	20	0.845
2017	10	2008	20	0.815
2017	10	2008	20	0.815
2017	10	2008	20	0.805
2017	10	2008	20	0.72
2017	10	2008	20	0.255
2017	10	2008	20	0.82
2017	10	2008	20	0.805
2017	10	2009	20	0.795
2017	10	2009	20	0.805
2017	10	2009	20	0.835
2017	10	2009	20	0.785
2017	10	2009	20	0.83
2017	10	2009	20	0.695
2017	10	2009	20	0.735
2017	10	2009	20	0.82
2017	10	2009	20	0.88
2017	10	2009	20	0.325
2017	10	2010	23	0.87
2017	10	2010	23	0.405
2017	10	2010	23	0.825
2017	10	2010	23	0.885
2017	10	2010	23	0.805
2017	10	2010	23	0.865
2017	10	2010	23	0.815
2017	10	2010	23	0.86
2017	10	2010	23	0.82
2017	10	2010	23	0.835
2017	10	2011	23	0.92
2017	10	2011	23	0.92
2017	10	2011	23	0.845
2017	10	2011	23	0.865
2017	10	2011	23	0.86
2017	10	2011	23	0.79
2017	10	2011	23	0.89
2017	10	2011	23	0.795
2017	10	2011	23	0.87
2017	10	2011	23	0.865
2017	10	2012	24	0.705
2017	10	2012	24	0.87
2017	10	2012	24	0.94
2017	10	2012	24	0.84
2017	10	2012	24	0.695
2017	10	2012	24	0.73
2017	10	2012	24	0.715
2017	10	2012	24	0.785
2017	10	2012	24	0.76
2017	10	2012	24	0.88
2017	10	2013	36	0.975
2017	10	2013	36	0.98
2017	10	2013	36	0.98
2017	10	2013	36	0.97
2017	10	2013	36	0.97
2017	10	2013	36	0.995
2017	10	2013	36	0.975
2017	10	2013	36	1
2017	10	2013	36	0.91
2017	10	2013	36	0.96
2017	10	2014	49	1
2017	10	2014	49	0.995
2017	10	2014	49	1
2017	10	2014	49	0.99
2017	10	2014	49	1
2017	10	2014	49	0.99
2017	10	2014	49	1
2017	10	2014	49	1
2017	10	2014	49	0.99
2017	10	2014	49	1
2017	10	2015	118	1
2017	10	2015	118	1
2017	10	2015	118	1
2017	10	2015	118	1
2017	10	2015	118	1
2017	10	2015	118	1
2017	10	2015	118	1
2017	10	2015	118	1
2017	10	2015	118	1
2017	10	2015	118	1
2017	10	2016	569	1
2017	10	2016	569	1
2017	10	2016	569	1
2017	10	2016	569	1
2017	10	2016	569	1
2017	10	2016	569	1
2017	10	2016	569	1
2017	10	2016	569	1
2017	10	2016	569	1
2017	10	2016	569	1
2017	10	2017	579	1
2017	10	2017	579	1
2017	10	2017	579	1
2017	10	2017	579	1
2017	10	2017	579	1
2017	10	2017	579	1
2017	10	2017	579	1
2017	10	2017	579	1
2017	10	2017	579	1
2017	10	2017	579	1
2017	10	2018	580	1
2017	10	2018	580	1
2017	10	2018	580	1
2017	10	2018	580	1
2017	10	2018	580	1
2017	10	2018	580	1
2017	10	2018	580	1
2017	10	2018	580	1
2017	10	2018	580	1
2017	10	2018	580	1
2017	10	2019	580	1
2017	10	2019	580	1
2017	10	2019	580	1
2017	10	2019	580	1
2017	10	2019	580	1
2017	10	2019	580	0.995
2017	10	2019	580	1
2017	10	2019	580	1
2017	10	2019	580	0.995
2017	10	2019	580	1
2018	1	2005	18	0.9
2018	1	2005	18	0.9
2018	1	2005	18	0.85
2018	1	2005	18	0.8
2018	1	2005	18	0.9
2018	1	2005	18	0.8
2018	1	2005	18	0.95
2018	1	2005	18	0.9
2018	1	2005	18	0.95
2018	1	2005	18	0.95
2018	1	2006	19	0.95
2018	1	2006	19	0.9
2018	1	2006	19	1
2018	1	2006	19	0.85
2018	1	2006	19	0.95
2018	1	2006	19	0.85
2018	1	2006	19	0.95
2018	1	2006	19	0.85
2018	1	2006	19	0.85
2018	1	2006	19	0.85
2018	1	2007	20	0.9
2018	1	2007	20	0.9
2018	1	2007	20	0.85
2018	1	2007	20	1
2018	1	2007	20	0.95
2018	1	2007	20	0.9
2018	1	2007	20	0.95
2018	1	2007	20	0.85
2018	1	2007	20	0.9
2018	1	2007	20	0.9
2018	1	2008	20	0.9
2018	1	2008	20	0.95
2018	1	2008	20	0.8
2018	1	2008	20	0.9
2018	1	2008	20	0.85
2018	1	2008	20	0.9
2018	1	2008	20	0.9
2018	1	2008	20	0.95
2018	1	2008	20	0.9
2018	1	2008	20	0.95
2018	1	2009	20	0.95
2018	1	2009	20	0.75
2018	1	2009	20	0.85
2018	1	2009	20	0.95
2018	1	2009	20	0.95
2018	1	2009	20	0.75
2018	1	2009	20	0.9
2018	1	2009	20	0.75
2018	1	2009	20	0.85
2018	1	2009	20	0.75
2018	1	2010	23	0.9
2018	1	2010	23	0.85
2018	1	2010	23	0.85
2018	1	2010	23	0.8
2018	1	2010	23	0.9
2018	1	2010	23	0.9
2018	1	2010	23	0.75
2018	1	2010	23	0.95
2018	1	2010	23	0.85
2018	1	2010	23	0.8
2018	1	2011	23	0.95
2018	1	2011	23	0.8
2018	1	2011	23	0.85
2018	1	2011	23	0.8
2018	1	2011	23	0.85
2018	1	2011	23	0.9
2018	1	2011	23	0.9
2018	1	2011	23	0.85
2018	1	2011	23	0.95
2018	1	2011	23	0.95
2018	1	2012	24	0.85
2018	1	2012	24	0.8
2018	1	2012	24	0.8
2018	1	2012	24	0.95
2018	1	2012	24	0.65
2018	1	2012	24	0.9
2018	1	2012	24	1
2018	1	2012	24	0.9
2018	1	2012	24	0.85
2018	1	2012	24	0.85
2018	1	2013	36	0.8
2018	1	2013	36	0.9
2018	1	2013	36	0.65
2018	1	2013	36	0.85
2018	1	2013	36	0.85
2018	1	2013	36	0.75
2018	1	2013	36	0.85
2018	1	2013	36	0.95
2018	1	2013	36	0.85
2018	1	2013	36	0.65
2018	1	2014	49	0.85
2018	1	2014	49	0.8
2018	1	2014	49	0.85
2018	1	2014	49	0.85
2018	1	2014	49	0.7
2018	1	2014	49	0.7
2018	1	2014	49	0.55
2018	1	2014	49	0.6
2018	1	2014	49	0.85
2018	1	2014	49	0.7
2018	1	2015	118	0.7
2018	1	2015	118	0.8
2018	1	2015	118	0.7
2018	1	2015	118	0.75
2018	1	2015	118	0.8
2018	1	2015	118	0.8
2018	1	2015	118	0.55
2018	1	2015	118	0.7
2018	1	2015	118	0.6
2018	1	2015	118	0.7
2018	1	2016	569	0.65
2018	1	2016	569	0.8
2018	1	2016	569	0.55
2018	1	2016	569	0.55
2018	1	2016	569	0.65
2018	1	2016	569	0.65
2018	1	2016	569	0.75
2018	1	2016	569	0.75
2018	1	2016	569	0.65
2018	1	2016	569	0.55
2018	1	2017	579	0.55
2018	1	2017	579	0.7
2018	1	2017	579	0.4
2018	1	2017	579	0.65
2018	1	2017	579	0.8
2018	1	2017	579	0.8
2018	1	2017	579	0.85
2018	1	2017	579	0.6
2018	1	2017	579	0.8
2018	1	2017	579	0.7
2018	1	2018	580	0.9
2018	1	2018	580	0.85
2018	1	2018	580	0.75
2018	1	2018	580	0.6
2018	1	2018	580	0.9
2018	1	2018	580	0.8
2018	1	2018	580	0.45
2018	1	2018	580	0.85
2018	1	2018	580	0.55
2018	1	2018	580	0.75
2018	1	2019	580	0.65
2018	1	2019	580	0.95
2018	1	2019	580	0.85
2018	1	2019	580	0.5
2018	1	2019	580	0.7
2018	1	2019	580	0.6
2018	1	2019	580	0.8
2018	1	2019	580	0.9
2018	1	2019	580	0.8
2018	1	2019	580	0.7
